0	1	2.6787225385555393
0	2	4.578515534970354
0	4	4.207943160102709
0	5	1.6688556325681745
0	10	0.2893406152026418
0	11	1.5936686076657418
0	12	1.4232295105136794
0	14	1.1952313272699024
0	15	1.1322300223142083
0	16	1.7016056409581324
0	20	0.4843945891238681
0	26	0.9610959880381096
0	27	0.766761518300569
0	29	1.2194423609942586
0	33	1.8879236282165772
0	35	0.1327424464350109
0	37	2.2750879055013624
0	39	3.088757241870516
0	42	1.4458585604579475
0	46	1.6086413717358254
0	50	2.5009991460720244
0	56	0.5547669686084296
0	58	2.9379684146818468
0	59	0.4171862655505578
0	60	1.7166727563526558
0	61	1.0168197228520581
0	63	2.426390454795672
0	64	0.9633731347489287
0	65	0.8213450308998447
0	66	3.8647014549406613
1	1	1.9244045698898449
1	2	3.2892231621568953
1	4	3.023002543408239
1	5	1.198912302254486
1	10	0.2078634103145873
1	11	1.144897654512475
1	12	1.02245355187533
1	14	0.8586587805073698
1	15	0.8133984008223807
1	16	1.2224400341873163
1	26	0.6904550526836829
1	27	0.5508444225167733
1	29	0.8760520802128451
1	33	1.3562915925223475
1	37	1.6344318977540726
1	39	2.2189750771056698
1	42	1.0387103483513462
1	46	1.1556541457823355
1	50	1.7967274014825385
1	58	2.110647803954536
1	60	1.2332643078113827
1	61	0.7304871980006509
1	63	1.743128230840873
1	64	0.6920909636350923
1	65	0.5900574278112027
1	66	2.7764163828472377
2	47	0.059479272351962514
3	0	1.1368249126101289
3	3	1.7361962582409616
3	7	1.1800523962672602
3	8	0.4054361431159376
3	9	1.0817714675646624
3	13	0.49623569374533366
3	17	0.8869890574472709
3	18	0.4612709739724976
3	19	1.1772753151051951
3	21	2.7345780787386005
3	28	2.3169009208777562
3	30	2.649115178916739
3	31	0.11035581040220449
3	32	0.5781864485183508
3	34	0.9453881551527779
3	38	2.265361304841997
3	40	0.8431700215395147
3	43	1.4898170269999664
3	44	1.244330829491287
3	45	3.229314606860155
3	47	1.3430246308520115
3	53	0.5826244885841105
3	54	0.5404444003276304
3	55	1.4050946497176025
3	67	0.09898488085951744
3	68	0.726827776730497
3	69	1.2291074664580757
4	4	0.4128796970557142
4	64	0.09452532814560233
5	1	3.3354720131775566
5	2	5.701042272570422
5	4	5.239615690519756
5	5	2.0780133725482757
5	11	1.984392546312431
5	12	1.7721664458785624
5	14	1.4882693463024996
5	15	1.4098218451340148
5	16	2.1187927869309755
5	20	0.603154888982469
5	24	0.5972043015814613
5	25	0.6944126637722893
5	26	1.1967304280072906
5	27	0.9547504634250693
5	29	1.518416263064261
5	33	2.350790846867122
5	37	2.83287721184088
5	39	3.8460360068923207
5	42	1.8003435197216058
5	46	2.0030362224665894
5	48	0.5678170553634919
5	50	3.1141757075006766
5	51	0.44539828428653083
5	52	0.6567465086026634
5	56	0.6907806504762433
5	58	3.658277884970936
5	59	0.5194689233384725
5	60	2.137553946772804
5	61	1.2661160979549808
5	63	3.021275006472391
5	64	1.1995658687871826
5	65	1.0227163598683726
5	66	4.81222051059914
6	1	3.4089236083095207
6	2	5.826586917280581
6	4	5.3549990991727645
6	5	2.123774031404416
6	11	2.0280915482284363
6	12	1.8111919426522913
6	14	1.5210430458089104
6	15	1.4408680247955048
6	16	2.165451463525872
6	25	0.7097045677764005
6	26	1.2230840470851352
6	27	0.9757753571176251
6	29	1.5518538383626777
6	33	2.402558433835875
6	37	2.8952609911682545
6	39	3.9307309101999
6	42	1.8399895136878597
6	46	2.047145783292169
6	50	3.1827540593301755
6	52	0.6712089530374042
6	56	0.705992572645975
6	58	3.7388381010439584
6	59	0.5309083300820912
6	60	2.1846257694266282
6	61	1.2939976831248279
6	63	3.087807559490673
6	64	1.225981928097583
6	65	1.045237954324302
6	66	4.918192100597141
7	0	0.4904888096641703
7	3	0.7490905825530976
7	7	0.5091395242716493
7	21	1.17984742584034
7	28	0.999638521451791
7	30	1.142974029120146
7	34	0.407892460613693
7	38	0.9774014956446361
7	40	0.36378993424756223
7	43	0.6427890276549838
7	44	0.5368727766391959
7	45	1.3933039819766553
7	47	0.5794547121806237
7	53	0.25137625743149133
7	55	0.6062351330981385
7	68	0.31359348927433106
8	0	1.016893652040924
8	3	1.5530333071684905
8	7	1.0555607794385051
8	8	0.3626639737300908
8	9	0.9676481629873972
8	17	0.7934146515816387
8	19	1.053076671135123
8	21	2.44608915448109
8	23	0.3035466311134889
8	28	2.0724755524920133
8	30	2.3696423073458313
8	32	0.5171896944486074
8	34	0.8456528380278693
8	38	2.0263731951333437
8	40	0.7542183787353275
8	43	1.3326462682633944
8	44	1.1130580509915835
8	45	2.8886326185616573
8	47	1.2013399834037448
8	49	0.2633683571268116
8	53	0.5211595359961617
8	55	1.2568618209939861
8	62	0.13291306731400657
8	68	0.6501498551674818
8	69	1.0994407023044896
9	0	1.3411641982219147
9	3	2.0482699110572615
9	7	1.3921616322305148
9	8	0.47831150934563643
9	9	1.2762151381997942
9	13	0.5854318804493854
9	17	1.046421445261598
9	18	0.5441824058468954
9	19	1.388885382925275
9	21	3.2261064793400114
9	28	2.7333536866061694
9	30	3.125281998590252
9	32	0.6821129235015511
9	34	1.1153175243167814
9	38	2.6725500509270748
9	40	0.9947261300831581
9	43	1.757605094988806
9	44	1.467993831544243
9	45	3.809769725728413
9	47	1.5844274102802351
9	49	0.3473521649132963
9	53	0.6873486817792311
9	54	0.6375869078948543
9	55	1.657654242452973
9	57	0.4662860800839361
9	68	0.8574718776931636
9	69	1.450034135860058
10	0	0.5467979423124267
10	3	0.8350877350822704
10	8	0.19500949208254184
10	9	0.5203179539394106
10	19	0.5662540578537626
10	21	1.3152963573905527
10	28	1.114399097015739
10	30	1.274189818249575
10	38	1.0896092145251968
10	40	0.40555377321806185
10	43	0.716582541207006
10	44	0.5985068848988986
10	45	1.5532581688911022
10	47	0.6459773149575887
10	49	0.14161684996077586
10	54	0.25994670133937103
10	55	0.6758321837403932
10	69	0.5911846460129447
11	0	0.6344000405096911
11	3	0.9688765300119502
11	7	0.6585229437633261
11	9	0.6036777125771929
11	17	0.49498026277787943
11	21	1.5260190242889515
11	28	1.2929361608438534
11	30	1.4783268365935025
11	34	0.527569617162312
11	38	1.26417470942046
11	40	0.47052724644561894
11	43	0.8313857057467033
11	44	0.6943932349479167
11	45	1.8021045234722157
11	47	0.7494688678679804
11	49	0.16430518185936718
11	53	0.32513098108578925
11	54	0.3015925721348673
11	55	0.7841067633310195
11	57	0.22056352867645507
11	69	0.6858979055283765
12	0	1.3860351404579538
12	3	2.1167982843800184
12	7	1.438738780849501
12	9	1.318913098541147
12	17	1.081431264556757
12	18	0.562388959027332
12	19	1.4353529190199175
12	21	3.3340413896766394
12	28	2.8248027094364643
12	30	3.229843653468899
12	32	0.7049341780723725
12	34	1.1526323797795277
12	38	2.7619647841245905
12	40	1.0280063941871473
12	43	1.8164087797244775
12	44	1.517108076097902
12	45	3.9372320882955094
12	47	1.637437139363473
12	53	0.710345107598697
12	55	1.7131139004568512
12	68	0.8861600660179102
12	69	1.4985475080755724
13	1	0.8751648780440261
13	2	1.4958458489492157
13	4	1.3747762261758143
13	5	0.5452314732593313
13	11	0.5206671361426126
13	12	0.4649830145040004
13	16	0.5559312216229649
13	24	0.1566951327116667
13	25	0.18220077152545183
13	26	0.31399946842330856
13	27	0.2505084946252849
13	29	0.3984037576794864
13	33	0.6168031321136918
13	37	0.7432934918415242
13	39	1.0091272298574294
13	42	0.472376146659228
13	46	0.5255588847476931
13	50	0.8171009058073655
13	58	0.9598630437920322
13	61	0.3322049581224784
13	63	0.7927255159481743
13	64	0.3147434345470031
13	65	0.26834146256414376
13	66	1.2626358007625313
14	1	1.1060109796059185
14	2	1.8904117089723305
14	4	1.7374070175781766
14	5	0.6890495848042876
14	10	0.11946511542498747
14	11	0.658005804095728
14	12	0.5876336359853455
14	14	0.49349604227480115
14	15	0.4674835926807971
14	16	0.7025716530066223
14	26	0.3968244937374309
14	27	0.31658622562567834
14	29	0.5034924748061026
14	33	0.77950001592585
14	37	0.9393552959800013
14	39	1.2753091720683465
14	42	0.5969768872314813
14	46	0.6641878708152962
14	50	1.032631217204108
14	56	0.2290563317298543
14	58	1.2130503542654032
14	60	0.7087926762061054
14	61	0.41983212578659024
14	63	1.001826223204927
14	64	0.39776469908833584
14	65	0.33912307420605065
14	66	1.595686817332058
15	0	0.7122576135251958
15	3	1.0877831667735252
15	7	0.7393410315667979
15	8	0.25401887003830304
15	9	0.6777648477971877
15	19	0.7376011003081515
15	21	1.713301700865028
15	23	0.21261161246958563
15	28	1.4516134387746846
15	30	1.6597564271849308
15	34	0.5923162870332278
15	38	1.4193222006847743
15	40	0.5282733169163767
15	43	0.9334186016418795
15	44	0.7796135510563361
15	45	2.0232701532932404
15	47	0.8414484129134029
15	54	0.33860591420063846
15	55	0.8803372893078907
15	62	0.09309561913518384
15	69	0.7700756212453439
16	0	0.8971115620149804
16	3	1.3700981742377378
16	7	0.9312240053256996
16	8	0.3199450043832786
16	9	0.8536668050157272
16	13	0.3915983661207261
16	17	0.6999566335942968
16	19	0.9290325054812577
16	21	2.157959052847073
16	28	1.828354200463773
16	30	2.0905170442289758
16	32	0.45626880816261434
16	34	0.7460415717248002
16	38	1.7876823389179752
16	40	0.6653773740151402
16	43	1.1756709985707485
16	44	0.9819485496190549
16	45	2.5483743706377093
16	47	1.0598315633688424
16	49	0.23234563198733063
16	53	0.4597710335374415
16	54	0.4264851295763644
16	55	1.108813364313863
16	68	0.5735673056297536
16	69	0.969935217716881
17	0	0.9790537823970829
17	3	1.4952430183041105
17	7	1.016282058192739
17	8	0.3491687990253206
17	9	0.9316407788572503
17	13	0.4273669828419985
17	19	1.0138903866296123
17	21	2.355067153746786
17	28	1.995356175663423
17	30	2.2814649882795415
17	34	0.8141850507221904
17	38	1.9509693440032614
17	40	0.7261529806702942
17	43	1.2830568535087346
17	44	1.0716397852063484
17	45	2.781143028557882
17	47	1.1566366377995159
17	55	1.2100924391896248
17	57	0.34039020053661556
17	62	0.12796720780251195
17	67	0.08524753542137647
17	68	0.6259569754901194
17	69	1.058529154894554
18	0	0.7233048567140976
18	3	1.1046548785698578
18	7	0.750808343421602
18	9	0.6882771020101638
18	19	0.7490414255174199
18	21	1.739875317188675
18	23	0.21590925666900837
18	28	1.474128223271059
18	30	1.6854995467210003
18	32	0.3678711309549046
18	38	1.4413361422933006
18	40	0.5364669307035271
18	41	0.0636341267547087
18	43	0.9478960913781372
18	44	0.7917054969033677
18	45	2.0546514358458436
18	47	0.8544994285457419
18	55	0.8939914783801691
18	69	0.7820196320922577
19	3	0.6485611429517492
19	21	1.0215095648428478
19	28	0.8654850522906088
19	30	0.9895846509828246
19	32	0.21598322315830645
19	38	0.846232279382716
19	43	0.5565254672297387
19	44	0.4648233868460294
19	45	1.2063198284380383
19	47	0.5016907423128679
19	53	0.2176410658842383
19	55	0.5248771777100333
19	69	0.4591366554747776
20	3	0.4329490581012544
20	7	0.2942654501465536
20	30	0.660600387813161
20	34	0.23574806671232412
20	38	0.5649050552522563
20	45	0.8052826463116848
20	47	0.3349052540426936
20	69	0.3064981377435895
21	1	0.7019356019410972
21	2	1.1997595912897665
21	4	1.102654370696175
21	16	0.4458907418221765
21	25	0.14613612982354685
21	33	0.49471372615755044
21	37	0.5961667083587344
21	39	0.8093815774557314
21	42	0.3788744763031736
21	50	0.6553647553206033
21	56	0.1453717883962628
21	58	0.7698686959776276
21	61	0.26644863510597616
21	64	0.25244342835093164
21	65	0.21522621711201836
21	66	1.0127109109102537
22	1	2.6690595440626996
22	2	4.5619993897694195
22	4	4.192763785980528
22	5	1.662835545547312
22	10	0.28829687262347736
22	11	1.5879197438854755
22	12	1.418095474149631
22	14	1.1909197520444572
22	15	1.1281457126058392
22	16	1.6954674143591097
22	20	0.4826472255280889
22	25	0.5556721029098822
22	26	0.9576290126026804
22	27	0.7639955684039236
22	29	1.2150434489572632
22	33	1.881113294051772
22	36	0.0505981712382096
22	37	2.2668809480486356
22	39	3.077615123271698
22	42	1.4406428939952822
22	46	1.6028384964875293
22	48	0.45436973385236734
22	50	2.4919772557391338
22	51	0.35640968861004013
22	52	0.525531477970906
22	56	0.5527657497119913
22	58	2.927370238796667
22	59	0.4156813435108616
22	60	1.7104801779307086
22	61	1.01315173438341
22	63	2.4176377014721373
22	64	0.9598979449292888
22	65	0.8183821811100392
22	66	3.850760261577762
23	2	0.098147592755441
23	50	0.0536128017466631
24	17	0.178596855398345
24	21	0.5506122557019202
24	30	0.5334041458236136
24	40	0.16977381304623837
24	47	0.2704204451890337
26	0	0.5531134612090958
26	3	0.8447330024894311
26	7	0.5741454625663315
26	8	0.19726185266581087
26	9	0.526327628841411
26	13	0.2414396791435452
26	19	0.5727942949796873
26	21	1.330488036724038
26	28	1.1272704120135053
26	30	1.288906716855789
26	38	1.1021942062594683
26	40	0.4102379212738178
26	43	0.7248590730477754
26	44	0.605419642334269
26	45	1.5711983083063166
26	47	0.6534383560913227
26	55	0.6836380487539648
26	62	0.07229468544170743
26	67	0.04816033625958547
26	69	0.5980128315535224
27	0	1.025598429421551
27	3	1.5663275284240448
27	7	1.0645965538071345
27	9	0.9759313908595276
27	17	0.8002064118593083
27	19	1.0620911811269642
27	21	2.4670280810838756
27	28	2.0902162850406207
27	30	2.3899268363285437
27	34	0.852891765797311
27	38	2.0437192838991685
27	40	0.7606746124526801
27	43	1.3440539401168612
27	44	1.1225860114878954
27	45	2.913359790206923
27	47	1.2116236518020946
27	53	0.5256207475806105
27	54	0.487567541859261
27	55	1.2676207654794827
27	68	0.6557152451587767
27	69	1.108852096050092
28	1	1.0499411632056694
28	2	1.7945762793089413
28	4	1.6493282423359792
28	5	0.6541178486614782
28	11	0.6246478489702812
28	12	0.5578432354487713
28	14	0.46847799725100153
28	15	0.4437842626605106
28	26	0.37670726441760327
28	33	0.7399828469439232
28	37	0.8917341783316334
28	39	1.210656693521611
28	42	0.5667128255906215
28	46	0.6305165125208648
28	48	0.1787376710825445
28	50	0.9802814269891594
28	56	0.21744419884670374
28	58	1.1515541196871961
28	60	0.6728600535165208
28	63	0.9510381085877742
28	66	1.5147926232147582
29	1	1.3369519002562127
29	2	2.28513963530243
29	4	2.1001867580892073
29	5	0.8329267690480683
29	11	0.7954008833428159
29	12	0.7103346357058815
29	14	0.5965406163719109
29	16	0.8492723163453899
29	24	0.23937644288008483
29	26	0.47968353909063566
29	27	0.3826910977827763
29	29	0.6086243566918023
29	33	0.9422637268150286
29	37	1.135497631699532
29	39	1.541600447419129
29	42	0.7216288070463355
29	46	0.8028737981697395
29	50	1.2482500567913266
29	52	0.263242650273805
29	58	1.466341660387007
29	60	0.8567923219705154
29	61	0.5074952859500379
29	63	1.211012817718654
29	64	0.4808200642732078
29	65	0.4099337591043222
29	66	1.9288746332391897
30	1	1.6526833987430505
30	2	2.8247929774813345
30	4	2.596162052418528
30	5	1.0296288470143358
30	11	0.983240934093673
30	12	0.8780856362583621
30	14	0.7374182819627753
30	15	0.6985485560763571
30	16	1.049834521322047
30	20	0.29885547471357854
30	24	0.2959070353408116
30	26	0.592964504970958
30	27	0.4730665508842481
30	29	0.7523556907189013
30	33	1.1647865702921112
30	37	1.4036541515534204
30	39	1.9056612780580955
30	42	0.8920470132333683
30	46	0.992478635369471
30	48	0.2813460335493607
30	50	1.543033931096362
30	52	0.3254094316072749
30	58	1.8126295482601193
30	59	0.2573901571869428
30	60	1.0591304342510892
30	61	0.6273442102660921
30	63	1.4970028309358865
30	65	0.5067427767043917
30	66	2.3843932485529864
31	1	1.2349628692450045
31	2	2.110818347389875
31	4	1.9399745527293584
31	5	0.7693871652207136
31	11	0.7347239320313689
31	12	0.6561469411631992
31	14	0.5510336692551594
31	15	0.521988379489457
31	16	0.7844857966567523
31	25	0.2571071957145041
31	27	0.3534976060558106
31	29	0.56219560456024
31	33	0.8703833813542399
31	37	1.0488764876251915
31	39	1.423999854751142
31	42	0.6665795395548682
31	46	0.7416267774774261
31	48	0.21023500635818973
31	50	1.1530276230392702
31	58	1.354482164884157
31	60	0.7914321405916117
31	63	1.1186310171485594
31	64	0.44414082963763596
31	66	1.7817309291549484
32	2	0.8130700790403442
32	4	0.74726243727906
32	6	0.030129970460699217
32	11	0.28300968969133145
32	16	0.3021775556776139
32	27	0.13616440602374735
32	37	0.4040187019179136
32	39	0.5485131754173151
32	58	0.5217355260450965
32	60	0.3048532309289407
32	63	0.43088758000167576
33	0	1.0382175065474466
33	3	1.5855997965151187
33	7	1.0776954681922042
33	8	0.37026889268602764
33	9	0.9879393592198
33	13	0.4531925531410389
33	17	0.8100522405367022
33	18	0.4212606489603523
33	19	1.0751592691279708
33	21	2.497382668936069
33	23	0.3099118829614262
33	28	2.1159345386514494
33	30	2.4193327618913276
33	32	0.5280349561675303
33	34	0.863385840928362
33	38	2.068865433237316
33	40	0.7700340374740944
33	43	1.3605913292597684
33	44	1.1363984346089089
33	45	2.9492060930418833
33	47	1.226531603950845
33	53	0.5320880437097901
33	54	0.4935666271135896
33	55	1.2832177123420032
33	57	0.3609598079372716
33	68	0.6637832384531416
33	69	1.1224955355482973
34	39	0.19498803124234954
34	42	0.09127461049281496
34	58	0.18546898709465992
34	63	0.1531739339668283
34	65	0.0518501254727487
35	0	1.331786611942895
35	3	2.0339481540053472
35	7	1.3824274655730013
35	8	0.4749670959970819
35	9	1.2672916837973234
35	17	1.0391047368375537
35	18	0.5403774150268904
35	19	1.3791741242089162
35	21	3.2035491430381446
35	28	2.714241738895957
35	30	3.103429639552558
35	32	0.6773435054089337
35	34	1.107519085969971
35	38	2.6538632497726793
35	40	0.9877708817092326
35	43	1.7453157023517571
35	44	1.4577294367515503
35	45	3.783131343676774
35	47	1.5733488974758782
35	49	0.3449234355302743
35	53	0.68254265461589
35	54	0.633128821221288
35	55	1.6460637185633593
35	57	0.4630257500270422
35	68	0.851476328061313
35	69	1.4398953174852616
36	1	0.537685198598139
36	2	0.9190201669907507
36	4	0.8446372183621345
36	5	0.33498018526133266
36	11	0.3198883085048593
36	12	0.2856770087221983
36	14	0.23991219110000792
36	29	0.24477193834481456
36	33	0.3789524955888606
36	37	0.4566658452641983
36	50	0.5020117623957608
36	60	0.34457825274625953
36	61	0.204100613912417
36	66	0.7757402043000738
37	0	0.6373603025713137
37	3	0.9733975392349109
37	7	0.6615957690512382
37	8	0.2273075651169699
37	9	0.606494616921262
37	17	0.4972899588680249
37	19	0.6600387999260147
37	21	1.5331397934164055
37	28	1.2989693096784138
37	30	1.4852250625859384
37	32	0.324159934993147
37	34	0.5300313829612164
37	38	1.2700736504554473
37	40	0.4727228389230306
37	43	0.8352651499556286
37	45	1.8105135734584474
37	47	0.7529660685524797
37	49	0.16507186906827015
37	53	0.3266481198734746
37	55	0.7877655927060707
37	57	0.2215927307641377
37	68	0.40749561920715544
37	69	0.6890984689240705
38	23	0.006560080596655351
39	1	0.4032679801614988
39	2	0.6892721009176132
39	4	0.6334843248543603
39	29	0.18358081166058327
39	33	0.28421724806952503
39	52	0.07940250643866338
39	58	0.4422961211226858
39	61	0.15307700962714796
39	64	0.14503089909473915
39	66	0.5818110413561269
40	1	1.3237615479456488
40	2	2.2625944735335612
40	4	2.0794663393128334
40	5	0.8247091229752826
40	11	0.7875534672335193
40	12	0.7033264822326256
40	14	0.5906551534049945
40	16	0.840893405288038
40	20	0.2393763900089772
40	26	0.474950986725086
40	27	0.37891547174499296
40	29	0.6026196756797055
40	33	0.9329673635548594
40	35	0.06559818862974007
40	37	1.1242948249216238
40	39	1.526391034859347
40	42	0.7145092254065106
40	46	0.794952654367371
40	50	1.2359348358640787
40	58	1.4518747501679818
40	60	0.8483392186228097
40	63	1.1990649789704861
40	64	0.47607629896307496
40	65	0.40588935727839
40	66	1.9098443779469396
41	1	1.845043431684302
41	2	3.1535778316244762
41	4	2.8983359704864853
41	5	1.1494699727130477
41	11	1.0976828523795914
41	12	0.9802882614219972
41	14	0.8232482752438385
41	15	0.7798544028949972
41	16	1.1720274369512367
41	24	0.33034840935654725
41	25	0.3841200043381264
41	27	0.5281279724370438
41	29	0.8399242870757687
41	33	1.3003590478769442
41	37	1.5670290357183454
41	39	2.1274660511325516
41	42	0.9958746386462103
41	46	1.1079957532508264
41	50	1.7226315830367824
41	52	0.36328466471663917
41	56	0.38211092668759145
41	58	2.023606121195256
41	59	0.28734845358714284
41	60	1.1824053248783999
41	61	0.7003624017987651
41	63	1.671242805810073
41	64	0.663549602075659
41	65	0.5657238600103258
41	66	2.661918855808064
42	0	1.4430626050427167
42	3	2.2038924969810663
42	7	1.4979347005463932
42	8	0.5146524591197139
42	9	1.3731788727787206
42	13	0.6299115765216392
42	17	1.125926011724559
42	19	1.4944095297556304
42	21	3.4712182344217855
42	23	0.43075968796483693
42	28	2.9410272781859295
42	30	3.3627333538711994
42	32	0.7339382110158147
42	34	1.2000566479661263
42	38	2.8756039295642837
42	40	1.0703030117303702
42	43	1.8911436723210422
42	44	1.5795284466610504
42	45	4.09922680035099
42	47	1.704808366649942
42	49	0.3737431409454233
42	53	0.7395717695238483
42	54	0.6860292166072562
42	55	1.7835987961397188
42	57	0.5017133668742209
42	62	0.18861547299210535
42	68	0.9226205137411694
42	69	1.5602042168060077
43	1	3.967020069114991
43	2	6.780494341073603
43	4	6.23169989633344
43	5	2.4714705205801133
43	6	0.25126505017453576
43	11	2.3601232524581093
43	12	2.1077136395802234
43	14	1.7700626303280507
43	15	1.6767616491542252
43	16	2.519971228912789
43	20	0.7173580050815156
43	25	0.8258947946644422
43	26	1.4233228779823592
43	27	1.1355257170321422
43	29	1.8059176527486749
43	33	2.795896482108264
43	35	0.19658323751405277
43	37	3.369262493677849
43	39	4.574255747193561
43	42	2.1412258432451554
43	46	2.3822969769485054
43	48	0.6753292023778228
43	50	3.7038228717249684
43	51	0.5297313020566466
43	52	0.7810968191773214
43	56	0.821575085316025
43	58	4.350946951659134
43	59	0.6178266932007916
43	60	2.5422846817969305
43	61	1.505846234228198
43	63	3.5933320794298864
43	64	1.4266951894375839
43	65	1.2163604756932163
43	66	5.723380459237374
44	0	1.1893674201094124
44	3	1.8164408974171078
44	7	1.2345928195045226
44	8	0.4241748524403483
44	9	1.1317694794102384
44	13	0.5191710353012837
44	17	0.9279844901526488
44	18	0.48259029354432653
44	19	1.2316873854130261
44	21	2.8609665732338603
44	23	0.35503070828081496
44	28	2.423984942928974
44	30	2.7715536939516694
44	32	0.6049094429480815
44	34	0.9890827150457348
44	38	2.3700632356564455
44	40	0.8821401977632165
44	43	1.5586743518574764
44	44	1.3018421148395505
44	45	3.378569153507028
44	47	1.4050974100069356
44	53	0.6095526032138393
44	54	0.5654230084159797
44	55	1.4700362210634348
44	68	0.7604207719982271
44	69	1.2859151485887599
46	1	0.9268289549076639
46	2	1.5841509179197486
46	4	1.4559341272769097
46	10	0.10011087603914785
46	11	0.5514039579883002
46	14	0.4135460041053056
46	15	0.39174776528457594
46	25	0.19295672723261345
46	27	0.2652968967264303
46	33	0.6532152016867708
46	37	0.7871727345512738
46	39	1.0686995779674977
46	42	0.5002621806647239
46	46	0.5565844838081329
46	50	0.8653372611068707
46	51	0.12376300107212952
46	58	1.0165271528269726
46	59	0.14434503944949648
46	60	0.5939629781689697
46	61	0.3518161912986547
46	63	0.8395229058060122
46	66	1.3371736560832002
48	3	0.6542973062593135
48	21	1.0305442499266773
48	28	0.8731397871666452
48	30	0.9983369779243706
48	31	0.041588333769006856
48	38	0.8537167341691674
48	43	0.5614476260724954
48	45	1.2169890577193065
48	55	0.5295194249992486
48	69	0.46319746433592174
49	1	0.8692158609307031
49	2	1.485677693464982
49	4	1.3654310530527927
49	5	0.5415252100779392
49	12	0.4618222479100859
49	15	0.36739612985379333
49	16	0.5521522258768637
49	20	0.15718069107766516
49	33	0.6126103537235255
49	37	0.7382408831113045
49	39	1.002267590821915
49	42	0.46916512454110776
49	50	0.8115465841087801
49	58	0.9533382827815957
49	60	0.5570413383141881
49	61	0.3299467630890827
49	63	0.7873368882977098
49	65	0.2665173857609521
49	66	1.2540529129261062
50	1	0.5254353977140542
50	2	0.8980826108083476
50	4	0.8253942900256295
50	24	0.09407732353270835
50	33	0.37031901892334423
50	39	0.605864312733019
50	50	0.4905746907656513
50	58	0.5762868607034267
50	60	0.33672790649136425
50	61	0.19945069628912157
50	64	0.18896706878674865
50	66	0.7580669206291997
51	3	0.8965911934802946
51	8	0.20937176526613357
51	9	0.5586389018943041
51	13	0.2562616701831997
51	18	0.238205497281069
51	19	0.6079581584252914
51	21	1.4121667476494553
51	28	1.1964735852673845
51	30	1.368032748980893
51	34	0.4882090318460549
51	38	1.1698579502931243
51	40	0.4354224427858427
51	43	0.769358198973712
51	44	0.6425863770886432
51	45	1.6676542319135985
51	47	0.6935529615004604
51	55	0.7256066144385379
51	68	0.3753420045114406
51	69	0.6347248619137635
52	0	0.38077620023866193
52	9	0.36233620883635365
52	17	0.2970944067126303
52	19	0.3943249449832083
52	21	0.9159389792816082
52	23	0.1136631471330982
52	28	0.7760392292562682
52	30	0.8873134293885913
52	32	0.19366187040255997
52	38	0.7587761846676364
52	45	1.0816495413987486
52	47	0.44984219653369006
52	55	0.4706323689430163
52	68	0.24344885125354998
52	69	0.4116859734260409
53	1	0.7495260673099804
53	2	1.281101978144583
53	4	1.1774131299005093
53	5	0.46695795521302325
53	11	0.4459200782859689
53	14	0.33443442661940476
53	16	0.47612164597964163
53	27	0.21454545482204274
53	29	0.3412088501111007
53	33	0.5282547752040806
53	39	0.8642567623382206
53	46	0.4501095666740651
53	50	0.6997977682719666
53	58	0.8220649507525565
53	61	0.2845135608720028
53	65	0.2298183190137036
53	66	1.0813716020065416
54	0	1.2221075952743818
54	3	1.8664427657655611
54	7	1.268577931661263
54	9	1.162924133872565
54	13	0.5334624563953464
54	17	0.9535294767096016
54	18	0.4958747424676893
54	19	1.2655925185662413
54	21	2.9397215022533403
54	23	0.36480377535960523
54	28	2.4907109102683536
54	30	2.8478473201977526
54	34	1.0163095759767848
54	38	2.435304879386949
54	40	0.9064232108225213
54	43	1.601580581204388
54	44	1.3376784242560806
54	45	3.471572328154781
54	47	1.4437760677115834
54	53	0.6263319925464043
54	54	0.5809876253920696
54	55	1.5105024744370468
54	62	0.1597355522375958
54	68	0.7813531675333368
54	69	1.321313030269604
55	0	0.26508177345703693
55	3	0.4048415706753797
55	7	0.2751614417531937
55	9	0.2522445593128949
55	21	0.6376415565211695
55	30	0.6177135475566707
55	34	0.220443065588517
55	38	0.5282308520401028
55	40	0.19660811630379396
55	45	0.753002888608211
55	47	0.3131628687880688
55	49	0.06865432883716327
55	53	0.13585481016489745
55	54	0.12601937070929095
55	68	0.16947974478426187
56	1	2.0029932648914754
56	2	3.423548220373652
56	4	3.1464557032012768
56	5	1.2478733963662993
56	11	1.1916529023363323
56	12	1.064208436268617
56	14	0.8937246258434305
56	15	0.8466159060378786
56	16	1.272361952118549
56	25	0.4170036154092
56	26	0.7186518063168332
56	29	0.9118282318675526
56	33	1.4116797307370244
56	37	1.7011787096891968
56	39	2.309593421231125
56	42	1.0811291266263812
56	46	1.2028486664207148
56	50	1.8701020254911824
56	56	0.4148225453413849
56	58	2.1968422867136055
56	60	1.2836282666480288
56	61	0.7603187814963993
56	63	1.8143139757854128
56	64	0.7203545244816643
56	65	0.6141541504823381
56	66	2.889799474803625
57	0	0.837016225501139
57	3	1.2783186070979693
57	7	0.8688435586350786
57	9	0.7964817278299097
57	13	0.3653661375030968
57	17	0.6530682294960756
57	19	0.8667988620715197
57	21	2.01340258857338
57	28	1.7058771690714039
57	30	1.9504783572024855
57	34	0.6960660489420849
57	38	1.6679298172852948
57	40	0.6208053509878991
57	43	1.0969156382786767
57	44	0.9161701882343308
57	45	2.3776649272962973
57	47	0.9888360070240032
57	55	1.0345366354421268
57	62	0.1094021913694387
57	68	0.5351454173110499
57	69	0.9049616004173765
58	1	2.5893049906701355
58	2	4.425681627688176
58	4	4.067479206258339
58	5	1.6131481166567065
58	11	1.5404708848749902
58	12	1.3757211586494729
58	14	1.1553337070789282
58	15	1.0944354277713315
58	16	1.6448049078876243
58	20	0.468225174134076
58	24	0.46360577226412303
58	25	0.5390679846170294
58	26	0.9290139618872383
58	27	0.7411665065766982
58	29	1.1787365603231328
58	33	1.8249034762597154
58	37	2.1991439513196167
58	39	2.985652461660515
58	42	1.3975948357890295
58	46	1.5549438480777038
58	48	0.44079264626767667
58	50	2.417514123757679
58	56	0.5362484765784435
58	58	2.8398970662594465
58	60	1.6593690729045356
58	61	0.9828776012062774
58	63	2.345395920439242
58	64	0.9312150959195789
58	65	0.7939279850603274
58	66	3.7356951385207866
59	0	0.5379065991370039
59	3	0.8215085844314792
59	7	0.5583603633581548
59	9	0.5118571951639765
59	17	0.4196928322653888
59	19	0.5570463436996796
59	21	1.2939086556711836
59	23	0.16056717012053923
59	28	1.0962781348847461
59	30	1.2534705395764059
59	38	1.0718913544094926
59	43	0.7049303735700115
59	44	0.5887747156738564
59	45	1.5280010302829459
59	47	0.6354732410641569
59	55	0.6648426473693916
59	69	0.5815715418642489
60	7	0.18161905693648803
60	21	0.4208724064717
60	34	0.14550244185842637
60	38	0.3486563690792535
60	55	0.21625477478410174
61	2	0.5383865233409293
61	4	0.4948110083017574
61	11	0.18739910228224088
61	12	0.1673572104821162
61	26	0.11301504246181478
61	37	0.2675270310611289
61	59	0.04905683105797409
61	66	0.4544493000370712
62	0	0.8612444659392106
62	3	1.3153207698107496
62	7	0.8939930718707115
62	9	0.8195366582105484
62	13	0.37594201208910566
62	17	0.6719719181040512
62	19	0.8918891895967023
62	21	2.0716824647912935
62	23	0.2570847557916139
62	28	1.7552554259687938
62	30	2.006936830966555
62	34	0.7162143508276908
62	38	1.7162096515535277
62	40	0.6387751595181589
62	43	1.128666917423337
62	44	0.9426896163248015
62	45	2.4464887275819067
62	47	1.0174588171943273
62	53	0.4413890925047073
62	55	1.0644822942977585
62	68	0.5506357165966838
62	69	0.9311565851430393
63	1	1.6315208792261962
63	2	2.7886216596339555
63	4	2.5629183409218137
63	5	1.0164445065734327
63	6	0.10333806445073722
63	11	0.9706505883121683
63	12	0.8668417982498725
63	14	0.7279756816462287
63	16	1.0363914483391379
63	24	0.2921179621188399
63	25	0.33966669642784986
63	26	0.5853716272795662
63	29	0.7427218177093675
63	33	1.1498715426797301
63	37	1.3856804377739058
63	39	1.8812593907879203
63	42	0.8806244005648679
63	46	0.9797700013340342
63	48	0.2777434131500113
63	50	1.523275466948401
63	56	0.33789012462550366
63	58	1.7894189271447525
63	60	1.0455683276172476
63	61	0.6193111023498156
63	63	1.4778337924796636
63	64	0.5867585616672412
63	66	2.3538612248775896
64	1	0.4610954306546354
64	2	0.788111706968535
64	4	0.72432412676232
64	10	0.04980494756455088
64	12	0.24498417235275174
64	15	0.19489367869379767
64	58	0.505720093036562
64	61	0.17502780570152576
64	63	0.4176608572135289
64	66	0.6652410453373699
65	1	1.127264401284173
65	2	1.926738398252228
65	4	1.7707935251737024
65	5	0.7022905576816905
65	11	0.6706502308501247
65	12	0.5989257711342864
65	14	0.5029792026379589
65	15	0.47646689041121437
65	16	0.7160724697940457
65	20	0.20384372350428445
65	26	0.40444998611786515
65	27	0.32266983661582155
65	33	0.7944791100236152
65	37	0.9574062146230317
65	39	1.299815875983503
65	42	0.6084485649548105
65	46	0.6769510939227642
65	50	1.05247455248925
65	58	1.2363606750231093
65	60	0.7224130379454026
65	63	1.0210776009604123
65	65	0.345639759690941
65	66	1.6263499892358977
66	0	0.5557486965604687
66	3	0.8487576202699592
66	13	0.2425899863089365
66	19	0.5755232970399436
66	21	1.3368269696100494
66	23	0.16589310420816145
66	28	1.1326411416171582
66	30	1.2950475410864188
66	31	0.05394858707669116
66	32	0.28265246615262907
66	34	0.46216284420048276
66	38	1.10744546362367
66	41	0.048893053423352914
66	43	0.728312567471656
66	45	1.5786840731926297
66	47	0.6565515760302312
66	55	0.6868951511026979
66	69	0.6008619839694472
67	18	0.18555769638920463
67	19	0.47358821129685863
67	21	1.100051894696946
67	28	0.9320308926824785
67	30	1.0656723223576914
67	38	0.9112978031017112
67	43	0.5993158710827745
67	44	0.5005629560385867
67	45	1.2990719407389113
67	55	0.5652341923121743
67	57	0.1589962665993844
67	69	0.49443898046862655
68	18	0.0361104798394127
68	21	0.21407574322566789
68	30	0.2073853020421325
69	1	1.536881059242573
69	2	2.6268617611058036
69	4	2.41425084085733
69	5	0.9574834927425361
69	10	0.16600528975065929
69	11	0.914345947584291
69	12	0.8165588059907987
69	14	0.6857479122436511
69	15	0.6496017601505033
69	16	0.9762733699545681
69	25	0.3199636111571238
69	27	0.43991911721759286
69	29	0.6996386674898853
69	33	1.0831708113626328
69	37	1.3053011126573628
69	39	1.7721329601343867
69	42	0.8295419193022481
69	46	0.9229363697622548
69	48	0.26163231892079064
69	50	1.4349146510905983
69	56	0.31829009316040324
69	58	1.6856198968678078
69	60	0.9849179249370159
69	63	1.3921089170785441
69	66	2.2173205250769827
70	0	0.802907657812089
70	3	1.2262268848469842
70	7	0.8334380211699517
70	8	0.28634821462012006
70	9	0.7640249484998404
70	13	0.350477399086049
70	17	0.6264555770376381
70	19	0.8314766463736619
70	21	1.9313560566360248
70	28	1.6363623554778677
70	30	1.87099599945866
70	32	0.4083569263913251
70	38	1.5999613653721927
70	43	1.0522161209246312
70	44	0.8788360817642075
70	45	2.280774636948568
70	47	0.948540754851616
70	54	0.3817007727675747
70	55	0.9923790741168933
70	68	0.5133381414975967
70	69	0.8680842459965031
71	1	0.49680601667376184
71	2	0.8491488134617038
71	4	0.7804210587960022
71	5	0.3095122795610046
71	12	0.2639575296634213
71	14	0.22167212399118066
71	25	0.10343015562822011
71	27	0.1422064921479487
71	37	0.42194641051710746
71	39	0.5728526040749966
71	42	0.2681543988807855
71	50	0.4638447639054577
71	58	0.5448867376904526
71	66	0.7167621535366991
72	3	0.6836987036217089
72	21	1.0768526187702707
72	28	0.9123750546663247
72	30	1.0431980860303152
72	32	0.227684700636403
72	38	0.8920792105176277
72	44	0.490006455757288
72	45	1.2716754801291086
72	55	0.5533138237787842
72	69	0.48401163027533795
73	0	0.625127652756867
73	3	0.9547154355964079
73	7	0.6488979757797191
73	9	0.594854362212561
73	17	0.4877456337845019
73	19	0.6473708890585359
73	21	1.5037147380218427
73	28	1.2740386125187302
73	30	1.4567196190982328
73	34	0.5198586623316538
73	38	1.2456975383224842
73	40	0.4636500226140959
73	43	0.8192341765165897
73	44	0.6842439869715105
73	45	1.7757649729587452
73	47	0.7385146347220324
73	49	0.16190369816025785
73	54	0.2971844966404847
73	55	0.7726462628818458
73	68	0.39967468779587645
73	69	0.6758728252433889
74	1	0.49672448875608965
74	2	0.8490094646369475
74	4	0.7802929884794284
74	5	0.3094614873185605
74	12	0.26391421314344143
74	15	0.20995320377286641
74	29	0.22612527972345398
74	39	0.5727585965984849
74	42	0.2681103936372465
74	46	0.2982957553335289
74	50	0.463768645065397
74	52	0.0978038707682717
74	56	0.10287229636309508
74	58	0.5447973195280307
74	60	0.31832837667487324
74	64	0.1786415057744479
74	66	0.716644529909201
75	0	0.89147601502149
75	3	1.3614913822025647
75	7	0.9253741680638856
75	9	0.8483041727633424
75	13	0.38913839225761976
75	17	0.6955595901617431
75	19	0.923196434958033
75	21	2.144403013478867
75	23	0.26610898842287306
75	28	1.8168686991574292
75	30	2.0773846674519074
75	34	0.7413550282506428
75	38	1.7764523333568198
75	43	1.1682855746816085
75	44	0.9757800668674352
75	45	2.532365789173796
75	47	1.05317382888693
75	53	0.456882807172455
75	55	1.101847932046369
75	57	0.30994180808309807
75	68	0.5699642247625913
75	69	0.9638422012721842
76	3	1.0221959706127097
76	7	0.6947629329638003
76	13	0.29216174393475913
76	17	0.5222201327739129
76	19	0.6931279097569173
76	21	1.6099992613994534
76	23	0.19979233013552353
76	28	1.3640893271072965
76	30	1.5596824660371056
76	32	0.3404107428137915
76	34	0.5566029521577467
76	38	1.3337450687386854
76	43	0.8771387190365754
76	44	0.7326072464318342
76	45	1.9012783625726963
76	47	0.7907138145093368
76	55	0.8272579107652199
76	67	0.058277942879966245
76	69	0.7236444000497729
77	1	2.0793078406127585
77	2	3.5539863174350144
77	4	3.2663365017164065
77	5	1.2954177044110549
77	11	1.2370551946170105
77	12	1.1047550605216199
77	14	0.9277757716103131
77	15	0.8788721970602407
77	16	1.3208392806457079
77	20	0.3760021624556812
77	24	0.37229261160642085
77	26	0.7460326311312264
77	29	0.94656912983529
77	33	1.465465103655574
77	37	1.7659940706450137
77	39	2.397589544393062
77	42	1.1223204336789707
77	46	1.2486775202884695
77	50	1.9413534096732477
77	51	0.27765789700935917
77	52	0.4094107698213442
77	56	0.4306273945649123
77	58	2.280542561684927
77	60	1.3325348447529721
77	61	0.7892871291388286
77	63	1.8834398204470821
77	64	0.7478002233106632
77	65	0.6375535868374395
77	66	2.9999016028061245
78	1	1.080752842017183
78	2	1.8472400950145806
78	4	1.6977295945626656
78	5	0.673313656735428
78	10	0.11673687277812547
78	11	0.6429788274738881
78	12	0.5742137590553938
78	16	0.686526919450804
78	24	0.19350492033784997
78	27	0.30935629880487864
78	29	0.49199414211497805
78	33	0.7616984578801137
78	37	0.917903099077739
78	39	1.246184746424981
78	42	0.5833436370802394
78	46	0.6490197134143638
78	50	1.0090488641863669
78	58	1.1853477425236854
78	60	0.6926058722162566
78	61	0.41024435695533745
78	63	0.9789473684265332
78	65	0.33137847001517423
78	66	1.5592458796525197
79	0	1.096962785389307
79	3	1.675317511339282
79	7	1.1386745216047147
79	9	1.0438397584812371
79	13	0.4788354677860235
79	17	0.8558872842021189
79	19	1.1359948172342353
79	21	2.638691633903685
79	23	0.3274475726085001
79	28	2.2356600910528543
79	30	2.5562254426757067
79	32	0.5579126653591865
79	34	0.9122386503383262
79	38	2.1859276827133205
79	40	0.8136047381835915
79	41	0.0965073969609099
79	43	1.4375774294970693
79	44	1.2006990676607974
79	45	3.1160805034667294
79	47	1.2959322262944768
79	54	0.5214940208956933
79	55	1.3558257948015529
79	68	0.7013419688613354
79	69	1.1860095033042577
80	3	0.568887526747407
80	7	0.3866596797213363
80	9	0.35445664150450157
80	17	0.2906336243659616
80	19	0.3857497325731581
80	21	0.8960204542125974
80	28	0.7591630429686177
80	30	0.8680174116547366
80	32	0.18945039026274715
80	38	0.742275410273337
80	40	0.276275741238581
80	43	0.4881581329145788
80	45	1.0581273810872254
80	47	0.4400596746938805
80	49	0.09647376692942025
80	53	0.1909045724294418
80	55	0.46039773230113873
81	0	0.8095052764894647
81	3	1.2363029842831414
81	7	0.8402865126513879
81	8	0.28870118299777753
81	9	0.7703030618310042
81	17	0.6316032611771472
81	18	0.3284598034228938
81	19	0.8383090209294922
81	21	1.947226313530382
81	28	1.6498086026700722
81	30	1.8863702682568444
81	34	0.6731878334454401
81	38	1.6131084998957617
81	40	0.6004007950941622
81	43	1.0608623465079885
81	44	0.8860576162594684
81	45	2.299516121348681
81	47	0.9563350636237036
81	53	0.4148726795913913
81	54	0.384837268132985
81	55	1.0005336092626558
81	68	0.5175563218539566
81	69	0.8752174309639115
82	1	0.6290519482172117
82	2	1.0751856811452123
82	4	0.9881631280398537
82	5	0.39190206221446305
82	12	0.33422098909565584
82	20	0.11375174382881585
82	24	0.11262949528862358
82	29	0.2863650795784463
82	33	0.44334641580883594
82	37	0.5342652920271365
82	39	0.7253415509082163
82	46	0.3777617779775321
82	50	0.5873166640747143
82	58	0.6899313864932153
82	59	0.09796902416610637
82	60	0.403131091888806
82	63	0.5697960952491599
82	64	0.22623162292900956
82	66	0.9075587129748974
83	1	1.5759526744522385
83	2	2.6936435926090776
83	4	2.475627535759197
83	5	0.9818252766255908
83	11	0.9375910600265882
83	12	0.8373179085068124
83	15	0.6661163693061595
83	16	1.0010928426267782
83	20	0.28498022368214215
83	26	0.5654343706574116
83	29	0.7174253482727431
83	33	1.1107079020785269
83	37	1.338485348027946
83	39	1.8171853060542853
83	42	0.8506310871830979
83	46	0.9463998736459764
83	50	1.4713940082724442
83	58	1.7284728499991535
83	60	1.0099571652509065
83	61	0.5982178962546033
83	63	1.4275000383438705
83	64	0.5667740672468803
83	65	0.4832157416320739
83	66	2.2736907261613775
84	8	0.0502212585681233
84	19	0.145828755057143
84	28	0.2869938514358139
84	38	0.280609654004522
85	3	0.41795559146706074
85	9	0.26041550971677574
85	13	0.11945912330011085
85	19	0.28340620958536367
85	21	0.6582966602347246
85	28	0.557748981521906
85	30	0.637723123876729
85	32	0.13918717882364415
85	34	0.22758387116509596
85	38	0.5453418181024687
85	40	0.20297683708688918
85	44	0.2995485247431915
85	45	0.777394888473566
85	47	0.3233071441539064
85	55	0.33824929791342634
85	69	0.2958837952113412
86	0	1.062661933540037
86	3	1.6229321264180037
86	7	1.1030693884221516
86	9	1.0112000068078604
86	13	0.4638627953677196
86	17	0.8291246051704214
86	19	1.1004734755383443
86	21	2.556182571594596
86	23	0.3172086375907901
86	28	2.165753393587895
86	30	2.4762950098748924
86	31	0.10315653497611388
86	32	0.5404673336358088
86	34	0.8837139244194536
86	38	2.1175760644117405
86	40	0.7881641890966
86	43	1.3926259224014723
86	44	1.1631544933288858
86	45	3.018644002316986
86	47	1.2554098130523121
86	54	0.5051874611935107
86	55	1.313430573796492
86	68	0.6794117563782834
86	69	1.1489242559225719
87	0	1.5623136910227877
87	3	2.3860166631329176
87	7	1.6217202793169707
87	8	0.557182051694475
87	9	1.4866549418359638
87	17	1.2189697224840028
87	18	0.6339146423648038
87	19	1.617903797225094
87	21	3.7580710311626238
87	23	0.4663565916658533
87	28	3.184066419797047
87	30	3.6406212312988577
87	31	0.15165958413017885
87	32	0.7945890299061814
87	34	1.2992263291757147
87	38	3.1132366492056813
87	40	1.1587501768294959
87	41	0.13744753200856422
87	43	2.047423057484618
87	44	1.7100567286236819
87	45	4.4379766549395905
87	47	1.8456894679968228
87	53	0.8006881316052502
87	54	0.7427209559736513
87	55	1.9309909416011508
87	68	0.9988635664172304
87	69	1.6891355927245844
88	1	1.7010757728268942
88	2	2.907505999575982
88	4	2.672180511440061
88	5	1.0597775036597221
88	11	1.0120313020089053
88	12	0.9037969422591258
88	14	0.7590106942688155
88	15	0.7190028203759113
88	16	1.0805748221688931
88	20	0.3076062892618117
88	29	0.7743854866598952
88	33	1.1988927926213746
88	37	1.4447546774242401
88	39	1.9614611206141594
88	42	0.9181671235930393
88	46	1.0215394932624893
88	50	1.5882156490675539
88	52	0.33493777500125277
88	58	1.8657053202086642
88	60	1.0901429295764755
88	61	0.6457135335893732
88	63	1.5408367080440606
88	64	0.6117732150778796
88	66	2.454210885817767
89	0	0.7788300482533832
89	3	1.1894547705490737
89	7	0.8084448665152891
89	8	0.2777611991117073
89	9	0.7411133543406591
89	17	0.6076694157113302
89	19	0.80654230946234
89	21	1.8734385158104183
89	23	0.2324837379826188
89	28	1.587291091169437
89	30	1.8148885371340084
89	34	0.6476781906593615
89	38	1.551981694622233
89	43	1.0206622446046119
89	44	0.8524815292363578
89	45	2.212378725332168
89	47	0.9200958973096266
89	53	0.3991515786856997
89	55	0.9626195922532783
89	57	0.2707778888916951
89	68	0.49794414790155667
89	69	0.8420521197167224
90	3	0.5370510828768975
90	9	0.33462031456601715
90	19	0.36416216186415523
90	21	0.8458767903842397
90	28	0.7166782802173209
90	30	0.8194408718195768
90	38	0.7007357239125932
90	43	0.4608395184824361
90	45	0.9989117868054577
90	47	0.41543277662640543
90	55	0.43463266298011083
90	69	0.3801952070223717
91	0	0.5197560344952181
91	3	0.7937884473492648
91	9	0.49458561470169504
91	17	0.4055311508620586
91	19	0.5382499472880857
91	21	1.2502483385585015
91	23	0.15514915739249838
91	28	1.0592864579197754
91	30	1.211174724482007
91	34	0.43223120212309446
91	38	1.035722559774152
91	43	0.6811439312137209
91	45	1.4764417418909437
91	47	0.6140304884402532
91	55	0.6424088838367367
91	68	0.33230545777454756
91	69	0.5619475924994977
92	1	2.6559211210592393
92	2	4.539542986405302
92	4	4.172124941749292
92	5	1.6546502516556154
92	10	0.2868777337093501
92	11	1.5801032223930558
92	12	1.4111149111868764
92	14	1.1850574596499908
92	15	1.122592424888925
92	16	1.687121490369521
92	24	0.4755331514973801
92	25	0.5529368116888629
92	26	0.9529150918975585
92	27	0.7602348066881391
92	29	1.2090624078690286
92	33	1.871853529791487
92	37	2.255722245778317
92	39	3.06246558888932
92	42	1.433551341549274
92	46	1.5949485375617611
92	50	2.479710518800374
92	52	0.5229445537209113
92	56	0.5500447649899769
92	58	2.912960283585811
92	60	1.70206035373957
92	61	1.0081645035505011
92	63	2.4057369003597326
92	64	0.955172855424003
92	65	0.8143537017537669
92	66	3.831804926799237
93	3	0.42200319356206223
93	7	0.28682579946341186
93	21	0.664671794329105
93	28	0.5631503829917819
93	30	0.643899017930865
93	38	0.5506230650351766
93	43	0.36211778491799196
93	45	0.7849234040466782
93	47	0.32643814347709504
93	55	0.34152500134895525
93	69	0.2987492189401414
94	0	0.44521067808441717
94	7	0.4621397030357508
94	9	0.4236502941346144
94	17	0.3473683549148139
94	18	0.18064590318613455
94	19	0.4610521246641441
94	21	1.070933040968219
94	28	0.9073596282034944
94	30	1.03746351091245
94	32	0.22643309268536027
94	34	0.3702389848601866
94	38	0.8871753525521037
94	43	0.5834517184264385
94	45	1.2646849395366715
94	47	0.5259639368852891
94	68	0.2846449648836547
95	1	2.801929506811248
95	2	4.789102861599392
95	4	4.401486131383403
95	5	1.7456141023184841
95	11	1.6669688747627112
95	12	1.4886904870047355
95	14	1.2502056017897936
95	15	1.1843065723896968
95	16	1.779870436647765
95	20	0.5066741600411321
95	24	0.5016754293200012
95	26	1.0053012841016402
95	27	0.8020284639006532
95	29	1.2755302141026672
95	33	1.9747580588763167
95	37	2.3797298306419945
95	39	3.2308236223826015
95	42	1.5123603527102525
95	46	1.6826303062259012
95	48	0.4769889705589178
95	50	2.6160317849371943
95	51	0.37415232089944744
95	52	0.5516932577095837
95	56	0.5802832941355638
95	58	3.0730993123369554
95	60	1.7956305590937465
95	61	1.0635880138982698
95	63	2.5379914912737416
95	64	1.0076831674316784
95	65	0.8591225273342568
95	66	4.042457136099571
96	1	2.6569783127577318
96	2	4.5413499554158365
96	4	4.173785659689489
96	5	1.6553088866188637
96	11	1.5807321838468542
96	12	1.4116766066972952
96	14	1.1855291727963808
96	15	1.1230392737742225
96	16	1.6877930505374132
96	24	0.4757224378794699
96	25	0.5531569086648135
96	26	0.9532944005737592
96	27	0.7605374188102249
96	29	1.2095436762058114
96	33	1.8725986227073865
96	37	2.2566201379685
96	39	3.0636846059647223
96	42	1.4341219679001966
96	46	1.5955834082060973
96	48	0.45231307465761156
96	50	2.4806975697162894
96	51	0.3547964357708489
96	52	0.523152712252647
96	56	0.5502637107842386
96	58	2.914119789945178
96	60	1.7027378603349426
96	61	1.0085658043027779
96	63	2.4066945060128715
96	64	0.9555530628049274
96	65	0.8146778559488235
96	66	3.8333301800632493
97	1	1.6134002405163355
97	2	2.757649573259746
97	4	2.534453049493397
97	5	1.0051552709241927
97	10	0.17427046341679478
97	11	0.9598699670842863
97	12	0.8572141390242413
97	14	0.7198903518875728
97	15	0.6819445328991041
97	16	1.0248806701220365
97	20	0.29175188372390537
97	24	0.28887352674592154
97	25	0.33589415660558275
97	26	0.5788701427420423
97	29	0.7344727086161233
97	33	1.1371003872180039
97	37	1.3702902488404172
97	39	1.8603650080226999
97	42	0.8708436635820276
97	46	0.9688880944954564
97	50	1.5063570659989396
97	58	1.7695445790489097
97	60	1.0339556255351194
97	61	0.6124326658691195
97	63	1.461420093723048
97	64	0.5802416730136724
97	65	0.49469784620369
97	66	2.327717845793537
98	21	0.05020240437514773
98	30	0.048633444582305056
99	0	0.6789545804951223
99	3	1.0369216834496473
99	7	0.7047716590150691
99	9	0.6460745931980151
99	13	0.29637061392330283
99	17	0.5297432143883772
99	18	0.2754883686609343
99	19	0.7031130817315526
99	21	1.633192844110251
99	23	0.20267053017267966
99	28	1.3837403414845817
99	30	1.5821511870768707
99	32	0.34531468588282926
99	34	0.5646213512449136
99	38	1.3529589449860697
99	40	0.5035728386229982
99	43	0.8897747431122227
99	44	0.7431611560962874
99	45	1.9286680999569539
99	47	0.8021048049880848
99	55	0.8391753539818192
99	68	0.43408887575240507
99	69	0.7340691913202801
100	17	0.10524658582077333
100	45	0.3831775984828187
100	69	0.14584099247382565
101	0	0.6522522006246252
101	3	0.9961409339225784
101	7	0.6770539278124059
101	9	0.6206653394602032
101	19	0.6754605801656594
101	21	1.568961543551962
101	23	0.19469976800287528
101	28	1.3293196757995405
101	30	1.5199272869463556
101	34	0.5424155450878355
101	38	1.2997488706511129
101	43	0.8547810868761453
101	44	0.7139336170750328
101	45	1.8528161509037429
101	47	0.7705590907178845
101	53	0.3342802401684429
101	54	0.3100794550847813
101	55	0.8061717043656099
101	69	0.705199227171031
102	2	0.7787792663053656
102	5	0.28386278372853335
102	6	0.02885925444074959
102	10	0.04921518127410166
102	12	0.2420831873379599
102	15	0.19258584126928738
102	16	0.2894333725603546
102	33	0.3211249949450243
102	37	0.386979420795617
102	42	0.24593225911202757
102	50	0.42540562877459553
102	60	0.2919962025830251
102	65	0.139706085009905
103	1	1.1893433717959216
103	2	2.032844770521852
103	4	1.8683119413557647
103	5	0.7409660226137287
103	6	0.07533121002226807
103	11	0.7075832483899439
103	12	0.6319088895957721
103	14	0.5306784993185015
103	15	0.5027061418290419
103	16	0.7555069109828021
103	24	0.21294766524431735
103	29	0.5414281130130643
103	33	0.8382314410536472
103	37	1.0101310164509258
103	39	1.3713973357936056
103	42	0.6419561080642316
103	46	0.7142311028981679
103	50	1.110434811532217
103	52	0.23417888199055048
103	56	0.24631457999436684
103	58	1.3044476276486066
103	60	0.7621966571467419
103	61	0.45146437538005857
103	63	1.0773088154013346
103	66	1.7159138332715491
104	1	2.7112845138905337
104	2	4.634170985572187
104	4	4.259094012577415
104	5	1.6891418828845863
104	11	1.6130409006703579
104	12	1.440529982492525
104	14	1.209760302345896
104	15	1.1459931670705203
104	16	1.722289993336279
104	20	0.49028278561918764
104	24	0.4854457684278683
104	25	0.5644629288139849
104	26	0.9727788642623618
104	27	0.7760821064866786
104	29	1.2342656401915713
104	33	1.91087282199515
104	37	2.302743385006092
104	39	3.126303510914046
104	42	1.46343410630336
104	46	1.6281956704417895
104	50	2.531400754053101
104	52	0.533845474131187
104	56	0.5615105966208471
104	58	2.9736817271570724
104	60	1.7375402613465678
104	61	1.0291799648178046
104	63	2.4558851355641873
104	64	0.9750836914790806
104	65	0.8313291245313197
104	66	3.9116799350339204
105	2	0.6554422348583334
105	4	0.6023925545187468
105	11	0.2281433154160448
105	20	0.06934401982993121
105	37	0.3256926158470779
105	50	0.35803317847448246
105	66	0.5532554251130136
106	0	0.9812402275656191
106	3	1.4985822290113655
106	7	1.0185516423932772
106	8	0.3499485707266906
106	9	0.9337213402282063
106	13	0.4283213885055352
106	17	0.7655966498653414
106	19	1.016154629694834
106	21	2.3603265432639593
106	28	1.9998122504452462
106	30	2.28656000776723
106	32	0.4990564475024584
106	34	0.8160033072903714
106	38	1.955326293103355
106	40	0.7277746420179655
106	43	1.2859222052480874
106	44	1.0740329955415753
106	45	2.7873539404067804
106	47	1.1592196650386088
106	53	0.5028871019821117
106	54	0.4664797371008315
106	55	1.2127948451398582
106	57	0.34115036767223317
106	68	0.6273548768407695
106	69	1.0608930862720594
107	0	0.7678002783649566
107	3	1.1726097445497952
107	7	0.796995692378851
107	8	0.2738275525902279
107	9	0.7306177272421036
107	13	0.33515266912782804
107	18	0.3115378439452074
107	19	0.7951200792869634
107	21	1.8469069306772496
107	28	1.564811918054826
107	30	1.7891861352009761
107	32	0.39050139664865047
107	34	0.638505789798935
107	38	1.5300025722179
107	40	0.5694686754890331
107	43	1.0062076537512665
107	44	0.8404087090842621
107	45	2.18104707820172
107	47	0.9070655243221312
107	55	0.9489869998584989
107	57	0.26694313981897094
107	69	0.8301270005776163
108	1	1.7515418952669113
108	2	2.993763505628076
108	4	2.7514565736980385
108	5	1.091218114426865
108	11	1.042055417581039
108	12	0.9306100495160495
108	14	0.7815284017349546
108	15	0.7403336070154204
108	16	1.1126324307435844
108	24	0.3136072945960772
108	26	0.6284338389631959
108	29	0.7973593208710579
108	33	1.234460561812713
108	37	1.4876164755941792
108	39	2.019652142234406
108	42	0.9454065536171598
108	46	1.0518456900632498
108	50	1.6353335298153333
108	51	0.23389006171413257
108	52	0.3448744345157847
108	56	0.36274663524945033
108	58	1.9210555371894003
108	60	1.1224843969231648
108	61	0.6648700337099669
108	63	1.5865489891842481
108	64	0.6299228016341188
108	65	0.5370545890378509
108	66	2.527020403792077
109	1	1.2909038230427952
109	2	2.206433523025929
109	4	2.027850900695568
109	5	0.8042386194094032
109	11	0.7680052221490427
109	12	0.6858688758336821
109	14	0.5759942164914297
109	15	0.5456332424624264
109	16	0.820021183832099
109	20	0.23343471298764396
109	27	0.3695102277632852
109	29	0.5876617615785901
109	33	0.9098097298990094
109	37	1.096388159915145
109	39	1.4885037455696526
109	42	0.6967740467367627
109	46	0.7752207504844302
109	50	1.2052571002116885
109	51	0.17237930514501285
109	52	0.25417589335955115
109	58	1.4158370655801094
109	60	0.827282181036948
109	61	0.49001583728146997
109	63	1.1693024078482164
109	64	0.4642593791497041
109	66	1.8624392079786556
110	19	0.06179166658180065
110	21	0.14352983938019456
111	0	1.098678772540839
111	3	1.6779382231469067
111	7	1.1404557587395343
111	8	0.39183174042129226
111	9	1.0454726448814593
111	17	0.8572261551304788
111	18	0.445793034504534
111	19	1.1377718624873148
111	21	2.642819359110905
111	28	2.2391573509804807
111	30	2.560224165398551
111	34	0.9136656721333781
111	38	2.189347145859814
111	40	0.8148774662065873
111	43	1.439826242703138
111	44	1.2025773302604088
111	45	3.1209550116800506
111	47	1.2979594628417845
111	53	0.5630745340547891
111	54	0.5223097979223863
111	55	1.3579467233094142
111	68	0.7024390833883055
111	69	1.1878647869076504
112	0	0.7857960471317852
112	3	1.2000934722993932
112	7	0.8156757457629824
112	9	0.7477420081871349
112	13	0.343008006127775
112	17	0.6131045224817704
112	19	0.8137561718906042
112	21	1.8901948936994806
112	23	0.23456311519933698
112	28	1.601488113980229
112	30	1.8311212332690028
112	34	0.6534711432551383
112	38	1.565862903710511
112	40	0.5828159311397814
112	43	1.0297912350269611
112	44	0.8601062804768067
112	45	2.23216664665573
112	47	0.9283254038663585
112	54	0.37356594560978157
112	55	0.9712294385413127
112	68	0.5023978517404981
112	69	0.8495835884044769
113	0	1.5373831029255154
113	3	2.3479418520603392
113	7	1.5958417118276358
113	9	1.4629316766487894
113	13	0.6710834378892899
113	17	1.1995180385943223
113	18	0.6237989626978858
113	19	1.5920861311690373
113	21	3.6981016911660762
113	23	0.4589147160936961
113	28	3.133256746398903
113	30	3.5825260940308246
113	31	0.14923947948366714
113	32	0.7819093920555819
113	34	1.2784939521608234
113	38	3.063557240392546
113	40	1.1402594450819774
113	43	2.014751346803013
113	44	1.682768534089346
113	45	4.367157735150712
113	47	1.8162369168564825
113	53	0.7879111674666609
113	54	0.7308690018296218
113	55	1.9001771939771979
113	57	0.5345060221565818
113	62	0.20094363204691526
113	67	0.13386202359791735
113	68	0.9829242219163076
113	69	1.662181246779443
114	0	0.7512195565589683
114	3	1.1472871228873303
114	7	0.7797844927631832
114	9	0.7148399662497241
114	17	0.5861267808411498
114	19	0.7779493837187261
114	21	1.8070227955942
114	23	0.22424190097202715
114	28	1.5310196522494348
114	30	1.7505484863190655
114	32	0.38206848094761775
114	34	0.6247171950686572
114	38	1.496962017626784
114	40	0.557170943967477
114	43	0.9844785014495325
114	44	0.8222600011437939
114	45	2.133947154082864
114	47	0.8874773559632767
114	49	0.194560621020088
114	54	0.35712834778290453
114	55	0.928493533151687
114	57	0.2611784767105115
114	69	0.8122003271339342
115	1	1.1201569534987512
115	2	1.9145902344796961
115	4	1.7596286001529198
115	5	0.6978625872222037
115	11	0.6664217539350209
115	14	0.49980789835847494
115	15	0.4734627473359765
115	16	0.7115576038195313
115	25	0.23320572646061444
115	27	0.3206353902046114
115	29	0.5099321861066023
115	33	0.7894698870013424
115	37	0.9513697295959876
115	39	1.2916204841493504
115	42	0.6046122720668201
115	46	0.6726828898103491
115	50	1.0458386577348509
115	56	0.23198598156912903
115	58	1.228565370805514
115	60	0.7178581944314446
115	63	1.0146396652592382
115	66	1.61609578656956
116	1	2.0708214050721327
116	2	3.539481165669564
116	4	3.25300535678712
116	5	1.2901306186645642
116	10	0.22367853732304235
116	11	1.232006308173039
116	12	1.1002461405694235
116	14	0.9239891705461797
116	15	0.8752851898345083
116	16	1.3154484399073672
116	20	0.3744675565389951
116	24	0.37077314575872894
116	25	0.4311247710703743
116	26	0.7429877920209997
116	27	0.5927549949009043
116	29	0.9427058260241881
116	33	1.459483990663885
116	37	1.7587863861680293
116	39	2.3878040817867294
116	42	1.1177398228476583
116	46	1.243581198772251
116	48	0.3525281302814977
116	50	1.9334300179315462
116	51	0.2765246709428325
116	52	0.407739810841695
116	56	0.4288698425783215
116	58	2.2712348117359396
116	59	0.3225112852001674
116	60	1.327096270028846
116	61	0.78606575219134
116	63	1.8757527957946085
116	64	0.7447481699934779
116	65	0.6349514914128407
116	66	2.987657878676785
117	0	0.6380394609591418
117	3	0.9744347721795978
117	9	0.6071408854519391
117	13	0.2785107460558808
117	17	0.4978198610997537
117	18	0.25888690538438547
117	19	0.6607421240669334
117	21	1.5347734765093295
117	28	1.3003534653885205
117	30	1.4868076887002388
117	32	0.3245053533349549
117	38	1.2714270155291525
117	40	0.4732265629232189
117	43	0.8361551917896811
117	44	0.6983768238159112
117	45	1.8124428205024352
117	47	0.7537684141318078
117	49	0.165247766349635
117	53	0.32699618957531407
117	54	0.30332274569152123
117	55	0.7886050199621616
117	68	0.40792983838690544
118	1	3.2904129909190276
118	2	5.624026668889238
118	4	5.16883351663476
118	5	2.0499414083893037
118	11	1.9575853095673175
118	12	1.7482261798486913
118	14	1.468164257326548
118	15	1.3907765065284192
118	16	2.090169932063552
118	24	0.5891366452463049
118	25	0.6850318158593391
118	26	1.1805637497140826
118	27	0.9418527019649671
118	29	1.4979039182072744
118	33	2.319033921107993
118	37	2.7946077624676815
118	39	3.794079755616037
118	42	1.776022608495955
118	46	1.9759771275690188
118	48	0.5601463924901967
118	50	3.0721061857157927
118	52	0.6478744942573391
118	56	0.6814488675733736
118	58	3.608858065528423
118	60	2.108677646661179
118	61	1.2490120859248253
118	63	2.9804604839016897
118	64	1.1833608864132603
118	65	1.0089004444472833
118	66	4.747212034964091
119	1	1.8018099886621994
119	2	3.079682537260137
119	4	2.830421556718702
119	5	1.1225353522496468
119	11	1.0719617185354031
119	12	0.9573179421505777
119	14	0.8039577497257981
119	15	0.7615806916564936
119	16	1.1445642452747589
119	20	0.3258221023547832
119	25	0.37511922417435417
119	26	0.6464694743054767
119	27	0.5157527674892167
119	29	0.8202430057657557
119	33	1.2698887630916467
119	37	1.5303100840848527
119	39	2.07761482230856
119	42	0.9725390961285125
119	46	1.0820329653596101
119	48	0.3067327316927586
119	50	1.6822665200174756
119	58	1.9761885599403386
119	60	1.154698956364627
119	63	1.632081895351109
119	65	0.5524677003731118
119	66	2.599544217246314
