0	8	0.22081229506516598
0	13	0.08884370935322047
0	17	0.19806737113216416
0	22	0.11239690733801076
0	25	0.07526719579220355
0	33	0.19016533041807498
0	34	0.1760368576440223
0	47	0.1515656613862039
1	0	0.6412855427030036
1	1	0.1445732579624901
1	3	0.5095245829530728
1	4	0.7304010714725293
1	9	0.848277258783435
1	10	0.3655442802575266
1	11	0.3718266827560694
1	15	0.5580594542977869
1	16	0.5101238046971509
1	18	0.4190745785489568
1	19	1.28776243094716
1	20	0.7960697552008433
1	23	0.5396268487380353
1	26	0.26255107239587283
1	30	0.44752740475555874
1	39	0.5086581859161553
1	40	0.8680666096000497
1	43	0.7640692126915177
1	44	0.478354637505172
1	45	0.2620094052887932
1	46	0.48273363110588424
1	49	0.466979889949715
2	0	1.19100061160077
2	2	0.18739332539484624
2	3	0.946293108940057
2	4	1.3565066805825647
2	7	0.3275758516507935
2	9	1.5754272734103907
2	10	0.6788917453508005
2	11	0.6905594732502146
2	15	1.036432458116513
2	16	0.9474059883302165
2	18	0.7783086411933932
2	19	2.391642631439878
2	20	1.4784670824244341
2	23	1.0021992764319123
2	26	0.4876119403564062
2	29	0.6139775791819391
2	30	0.8311514563783403
2	38	0.4706223007083209
2	39	0.9446840294705457
2	40	1.6121802131795098
2	43	1.4190354202985125
2	44	0.8884040382843579
2	45	0.4866059518959512
2	46	0.896536740036313
2	49	0.8672787666335237
2	50	0.38004141612865655
3	5	0.5111229985583451
3	6	0.2546252604673827
3	8	3.3058844988951135
3	12	0.3331167682210137
3	13	1.330120867990959
3	14	2.9160054334573635
3	17	2.965359568268091
3	22	1.6827468487786081
3	24	0.9028615135840198
3	25	1.1268605118719328
3	28	1.1579832342794618
3	33	2.8470544082287192
3	34	2.635530411691216
3	35	0.49892652926088304
3	36	0.44425569612673266
3	41	0.9870162029794921
3	42	2.7526060130923553
3	47	2.2691606479320594
3	48	0.46477481466630993
3	51	0.6498130864938672
3	52	1.1297099160976734
3	53	1.0513826679395553
3	54	0.6884345072738948
4	0	1.8289188721340708
4	1	0.4123167330094669
4	2	0.28776407500408496
4	3	1.4531422642888032
4	4	2.0830725392818032
4	7	0.5030305201391044
4	9	2.4192503714522218
4	10	1.0425166142772064
4	11	1.0604337568397801
4	15	1.5915616363906575
4	16	1.4548512190107794
4	18	1.1951827298479798
4	19	3.6726432391682198
4	20	2.2703568096751243
4	23	1.538992635647652
4	26	0.7487844013758419
4	29	0.9428334214906738
4	30	1.276328970250448
4	32	0.5797865504948941
4	38	0.7226948492123236
4	39	1.4506713370870132
4	40	2.475688751496212
4	43	2.179092634488597
4	44	1.3642469163089144
4	45	0.7472395900108818
4	46	1.3767356183051267
4	49	1.331806623982582
4	50	0.5835974485487898
5	5	0.23807598871656085
5	8	1.5398479874259932
5	12	0.15516246417393467
5	13	0.6195570178854506
5	14	1.3582462120298788
5	17	1.3812348751803458
5	22	0.783806678456307
5	24	0.4205438771624938
5	25	0.5248803737383304
5	28	0.5393770270480478
5	33	1.3261295130149038
5	34	1.2276037476805621
5	36	0.20692986697264135
5	41	0.45974229112444176
5	42	1.2821363937105381
5	47	1.0569523702453176
5	48	0.21648746748696165
5	51	0.30267644673462646
5	52	0.5262075977728773
5	53	0.4897235477471716
5	54	0.32066591886516654
6	8	0.7483827912025911
6	14	0.6601223624667176
6	17	0.6712951016169771
6	22	0.3809385306707458
6	25	0.25509754362336357
6	28	0.2621430740624804
6	33	0.6445132990725975
6	34	0.596628710549323
6	35	0.11294648336869421
6	36	0.10057015542620831
6	42	0.6231321668520432
6	47	0.5136902937637551
6	52	0.2557425888717492
6	53	0.2380109456085373
7	0	2.2532524871531425
7	1	0.5079797241440102
7	2	0.3545291852993389
7	3	1.790290685434006
7	4	2.566373200895627
7	7	0.6197403219393796
7	9	2.980548781893305
7	10	1.284394398138393
7	11	1.3064685571713135
7	15	1.9608252013224812
7	16	1.792396140485291
7	18	1.4724810923352023
7	19	4.524745541843437
7	20	2.797109924376425
7	21	0.4197597268308494
7	23	1.896059490018339
7	26	0.9225123872076874
7	29	1.1615833727310534
7	30	1.5724543447280972
7	32	0.7143047768959725
7	38	0.8903697103526093
7	39	1.7872464701066684
7	40	3.0500816201960923
7	43	2.684671241141083
7	44	1.6807704289677887
7	45	0.9206091589654104
7	46	1.6961566766920761
7	49	1.640803555378152
7	50	0.7189998542168206
8	0	0.3803084229732263
8	3	0.30216881202749485
8	4	0.4331575579559238
8	9	0.5030629338253886
8	10	0.21678263346723636
8	15	0.3309519657884789
8	16	0.3025241749061605
8	18	0.248528278689007
8	19	0.7636955251063525
8	20	0.4721017596950997
8	23	0.32002068060439487
8	26	0.1557034700516352
8	30	0.26540196247447717
8	39	0.30165500332787887
8	40	0.5147988241574994
8	43	0.4531241357731371
8	46	0.28628068736463363
8	49	0.27693807778423046
8	50	0.12135422116882108
9	8	1.2231719372052516
9	13	0.49214257768575825
9	14	1.0789173112778636
9	17	1.097178261624345
9	22	0.6226136223254262
9	24	0.33405730507757503
9	25	0.416936573472897
9	28	0.4284519306098573
9	33	1.0534055430568636
9	34	0.9751420052059049
9	36	0.16437389165514335
9	37	0.12739903780759254
9	41	0.36519440453981244
9	42	1.0184597890586569
9	47	0.8395857830146904
9	48	0.17196593244851868
9	51	0.24042979483816657
9	52	0.41799084844464646
9	53	0.3890098928493913
9	54	0.25471965828890547
10	0	0.8074330798809033
10	3	0.641534817009536
10	4	0.9196371154752587
10	9	1.0680532680738242
10	10	0.46025136134696204
10	11	0.4681614408055897
10	15	0.7026443509720616
10	16	0.6422892881867797
10	18	0.5276505630102534
10	19	1.621402505648151
10	20	1.002319577535742
10	23	0.6794361317213856
10	26	0.33057414660728274
10	29	0.41624311768436856
10	30	0.5634750929045012
10	32	0.2559647927922414
10	39	0.640443949398566
10	40	1.092969745079299
10	43	0.9620281708602434
10	44	0.6022892027288252
10	45	0.3298921416166572
10	46	0.6078027283805947
10	49	0.5879674274197194
11	5	0.4183128650661739
11	8	2.70559927886479
11	13	1.0885964293193313
11	14	2.3865147740536243
11	17	2.426907144566729
11	22	1.377192295160052
11	24	0.7389191790832736
11	25	0.9222442554544433
11	28	0.9477156883887343
11	33	2.330083932565376
11	34	2.1569686368901215
11	35	0.4083310406718435
11	36	0.36358738227962467
11	37	0.281800730000275
11	41	0.8077929909232148
11	42	2.2527855545197157
11	47	1.857124595467643
11	48	0.3803806224373422
11	51	0.531819493028964
11	52	0.9245762625227284
11	53	0.8604717403584193
11	54	0.563428004532043
12	0	3.6951717711600556
12	1	0.8330501564652409
12	2	0.5814023262105257
12	3	2.9359477647108916
12	4	4.208667186779707
12	7	1.016329486436465
12	9	4.887885305446947
12	10	2.1063142946015234
12	11	2.1425143253551124
12	15	3.2156120867131293
12	16	2.9394005593334707
12	18	2.4147629246993305
12	19	7.420256759164435
12	20	4.5870587927081825
12	21	0.6883757155927601
12	23	3.109400985420821
12	26	1.5128538639991473
12	27	0.2998381310353853
12	29	1.904913059338367
12	30	2.578711857284344
12	32	1.1714083808360118
12	38	1.4601421892793442
12	39	2.9309554708569867
12	40	5.001914151628193
12	43	4.402667451459702
12	44	2.756342433141731
12	45	1.5097327067764068
12	46	2.7815747710972065
12	49	2.6907996393749576
12	50	1.1791079694432924
13	5	0.2245599929010424
13	6	0.11186866340246387
13	8	1.4524280881460097
13	12	0.14635361609225261
13	13	0.5843836679547931
13	14	1.281136167387386
13	17	1.302819723388572
13	22	0.7393085841995048
13	24	0.39666885593665613
13	25	0.4950819846889371
13	28	0.5087556372982083
13	31	0.11062946159479944
13	33	1.2508427902951078
13	34	1.1579105072735294
13	35	0.21920151937005097
13	41	0.43364190646762235
13	42	1.2093472383415484
13	47	0.9969473109764226
13	48	0.20419709028244
13	52	0.496333859862837
13	53	0.4619210740168537
13	54	0.3024611463430584
14	0	1.6165979550435319
14	3	1.2844456080741893
14	4	1.8412466832281902
14	7	0.4446332325460023
14	9	2.1383973137444174
14	10	0.9214898771168093
14	11	0.9373270016980012
14	15	1.406795744697343
14	16	1.2859561686304293
14	18	1.0564328393205806
14	19	3.2462826211181257
14	20	2.0067889460057535
14	23	1.3603295288390842
14	26	0.6618573138896156
14	29	0.8333790002123113
14	30	1.1281587361292416
14	32	0.5124785829336015
14	38	0.6387965224471105
14	39	1.282261533142088
14	40	2.1882837090106126
14	43	1.9261197150063922
14	44	1.2058702048965262
14	45	0.6604918411332387
14	46	1.216909081697369
14	49	1.1771959367073799
14	50	0.5158470702375892
15	5	0.16850039453640006
15	8	1.0898410831184873
15	13	0.43849697953278727
15	14	0.961310814410094
15	17	0.9775812448369514
15	22	0.5547461349300107
15	24	0.29764366244473073
15	25	0.37148874414469507
15	28	0.38174887921884954
15	33	0.9385799355658904
15	34	0.8688474504869257
15	35	0.1644796208784547
15	41	0.325386687910658
15	42	0.9074434148288167
15	47	0.7480674231476186
15	53	0.3466061884443362
16	8	0.23228059116288147
16	14	0.2048866093609826
16	28	0.08136310579060939
16	33	0.20004191956412218
16	51	0.045657665271311994
17	0	0.5474135030217926
17	2	0.08613063309801335
17	3	0.4349398485648305
17	4	0.6234842087042347
17	7	0.15056200871004827
17	9	0.7241055580437754
17	10	0.312035531195541
17	15	0.47637013534400185
17	16	0.4354513556114887
17	18	0.35773000916864633
17	19	1.0992584370658733
17	20	0.679540242724629
17	23	0.46063571361237765
17	27	0.044418893576376066
17	30	0.38201788130587877
17	39	0.43420027562047936
17	40	0.7409981232611194
17	43	0.6522239726590484
17	44	0.40833259190547394
17	45	0.2236561980943019
17	46	0.4120705839028799
17	49	0.3986228916382951
18	0	0.39450315037781475
18	3	0.31344703690446685
18	4	0.44932483979089494
18	9	0.5218393815232263
18	15	0.34330450034885823
18	16	0.3138156634367558
18	19	0.7921998893122221
18	20	0.48972260472847473
18	23	0.33196521312222993
18	26	0.16151498560012745
18	30	0.2753078921946644
18	39	0.3129140506794831
18	40	0.5340133051831611
18	43	0.47003665518949567
18	44	0.294272050322871
18	46	0.2969658998733907
18	49	0.2872745843789703
19	8	2.0377636827348833
19	13	0.8198931327896257
19	14	1.797440283513527
19	17	1.8278624182081042
19	22	1.03725354495103
19	24	0.5565283371320032
19	25	0.694602436161373
19	28	0.7137866373792613
19	33	1.754938527887997
19	34	1.6245540821170925
19	35	0.3075407994503705
19	36	0.27384142540906187
19	41	0.6084017071300301
19	42	1.6967200663640685
19	47	1.398721933628515
19	51	0.40054802539702283
19	52	0.6963588231284875
19	53	0.6480775169550501
19	54	0.42435446166769897
20	0	0.701576030745671
20	3	0.5574275586641662
20	4	0.7990697598080783
20	7	0.19296326427608348
20	9	0.9280280819689734
20	10	0.3999109415813397
20	11	0.4067839844225934
20	15	0.6105254380382318
20	16	0.5580831162664392
20	18	0.4584738931826459
20	19	1.4088314716081514
20	20	0.8709122876782883
20	23	0.5903598902692871
20	29	0.36167231886669354
20	30	0.48960171307608313
20	32	0.222406992991056
20	38	0.2772268313679226
20	39	0.5564797072723379
20	40	0.9496779294588054
20	43	0.8359032127804338
20	44	0.5233271694464022
20	46	0.5281178543199442
20	49	0.5108830245073865
20	50	0.22386885921758184
21	0	2.192503494622594
21	1	0.494284296470619
21	3	1.7420234113060402
21	4	2.4971822925084424
21	7	0.6030317637981915
21	9	2.9001914598796774
21	10	1.2497663810192956
21	11	1.271245407935485
21	15	1.9079602178428223
21	16	1.7440721020692957
21	18	1.4327821489679355
21	19	4.40275578051342
21	20	2.721698220241238
21	21	0.4084427613974327
21	23	1.8449406276390377
21	26	0.8976409187684695
21	29	1.130266412010507
21	30	1.530060064554371
21	32	0.6950467062609264
21	38	0.8663648271040497
21	39	1.7390612697876684
21	40	2.9678496525762723
21	43	2.6122909490500197
21	44	1.6354558844073894
21	45	0.8957890026622862
21	46	1.6504273099786317
21	49	1.5965665408855143
21	50	0.6996152015769965
22	0	1.4986705889158776
22	1	0.33786460979438715
22	2	0.23580245265443936
22	3	1.1907480458436694
22	4	1.7069316724569854
22	7	0.4121981884192992
22	9	1.982405799492168
22	10	0.8542691598180825
22	11	0.8689510000052364
22	15	1.3041730014641422
22	16	1.192148414235421
22	18	0.9793683213041139
22	19	3.009473241259588
22	20	1.8603979809310902
22	21	0.27918822262460524
22	23	1.261096396753781
22	26	0.6135762372398404
22	27	0.12160695530458823
22	29	0.7725857830895733
22	30	1.0458619672198424
22	32	0.4750943654825997
22	38	0.5921976812518276
22	39	1.1887232945104658
22	40	2.028653088831629
22	43	1.785613397941841
22	44	1.1179045504110652
22	45	0.6123103728030066
22	46	1.128138164739523
22	49	1.091322008808999
22	50	0.47821712883626666
23	0	1.2758925983882037
23	3	1.0137428661599188
23	4	1.4531955874424058
23	7	0.3509247606264533
23	9	1.6877203738305175
23	10	0.7272817029335735
23	11	0.7397810816256308
23	15	1.1103071561506628
23	16	1.014935069222598
23	18	0.8337848233558275
23	19	2.5621138240579677
23	20	1.5838490669543484
23	21	0.23768678016265965
23	23	1.0736339061915754
23	26	0.5223678808613357
23	29	0.6577405932660706
23	30	0.8903941618530188
23	32	0.40447139547436206
23	38	0.5041672558867273
23	39	1.0120190949331278
23	40	1.7270929848633532
23	43	1.520181242540342
23	44	0.9517275858504435
23	45	0.5212901876861546
23	46	0.960439969260786
23	49	0.9290965498327437
23	50	0.407129958789696
24	8	1.3832341880082006
24	12	0.13938130704690693
24	13	0.5565435390749903
24	14	1.2201026410099847
24	17	1.2407531890290036
24	22	0.7040878082012767
24	24	0.37777148991250037
24	25	0.47149620189653574
24	28	0.48451843956768575
24	33	1.191252445116464
24	34	1.102747470519623
24	35	0.20875872487637787
24	36	0.18588358646687725
24	41	0.4129831385626372
24	42	1.1517337477152725
24	47	0.9494525859422803
24	48	0.19446910912540394
24	52	0.47268843754234147
24	53	0.43991508216918124
25	5	0.28333185187203475
25	8	1.8325576813974753
25	12	0.18465729598530936
25	13	0.7373286074085692
25	14	1.6164352256907475
25	17	1.643793803670817
25	22	0.9328004848951235
25	24	0.5004850600526201
25	25	0.6246548805878046
25	28	0.6419072026314151
25	33	1.578213463567717
25	34	1.4609589361381445
25	35	0.2765709582278489
25	36	0.24626516404723808
25	37	0.1908693931209565
25	41	0.5471347002710953
25	42	1.5258576924992917
25	47	1.2578684394698514
25	48	0.2576395687815157
25	52	0.6262343966304953
25	53	0.5828150937713485
25	54	0.3816213013084729
26	5	0.4511166656457867
26	8	2.9177704708222367
26	12	0.2940085384035211
26	13	1.1739633954379107
26	14	2.5736635836317627
26	17	2.617223495422949
26	22	1.485190746039785
26	24	0.7968647012494744
26	25	0.9945660011335662
26	28	1.0220348859184505
26	33	2.512807475255231
26	34	2.3261165998862627
26	35	0.44035207360504286
26	36	0.3920996490005573
26	41	0.8711395489585796
26	42	2.4294474127855543
26	47	2.0027589996870243
26	48	0.4102098032367653
26	51	0.5735244035172254
26	52	0.9970808825554913
26	53	0.9279493288630061
26	54	0.6076116322545959
27	0	0.6961430265391847
27	2	0.10953189731638772
27	3	0.5531108401072125
27	4	0.7928817642437215
27	7	0.19146895691584626
27	9	0.9208414332636066
27	10	0.39681403157784084
27	11	0.40363384958097087
27	15	0.6057975295469695
27	16	0.5537613210719513
27	18	0.45492347172999453
27	19	1.397921481847894
27	20	0.8641679436370479
27	23	0.5857881437634027
27	26	0.28501047659422846
27	29	0.35887152872612404
27	30	0.4858102378117158
27	32	0.22068467341980716
27	38	0.2750799870132602
27	39	0.5521703288757848
27	40	0.9423236243522399
27	43	0.8294299789864792
27	44	0.5192745242755732
27	46	0.524028110089385
27	49	0.5069267467847555
28	0	0.1876194464111434
28	3	0.1490704433840599
28	4	0.21369177310652018
28	11	0.1087844832514713
28	15	0.1632701798305567
28	16	0.14924575632098902
28	19	0.3767577129292467
28	20	0.2329043099052186
28	29	0.09672046545815131
28	40	0.25396826514236126
28	43	0.223541984278557
29	0	2.058759393123938
29	1	0.4641326413975504
29	2	0.32392743136112834
29	3	1.635758880140559
29	4	2.344852591411485
29	7	0.5662464443575848
29	9	2.7232779443815187
29	10	1.1735298404059709
29	11	1.1936986330794248
29	15	1.7915734364048788
29	16	1.6376825994699937
29	18	1.3453815306213661
29	19	4.134184890009941
29	20	2.5556729053856677
29	21	0.3835274943199986
29	23	1.7323980811084914
29	26	0.8428842543236622
29	29	1.0613194451759225
29	30	1.4367254317591678
29	32	0.6526484170648269
29	38	0.8135160240552708
29	39	1.632977431130481
29	40	2.7868089444814212
29	43	2.452939547015468
29	44	1.5356920398629106
29	45	0.8411453062726176
29	46	1.5497501989941718
29	49	1.4991749709211957
29	50	0.6569382312737757
30	1	0.056588271194358095
30	2	0.03949408358343506
30	4	0.28589058928077105
30	9	0.3320292026655309
30	11	0.14553887390818956
30	16	0.1996705657030276
30	19	0.5040506847763687
30	39	0.19909689921577145
30	43	0.29906883491734915
30	44	0.18723560868528483
30	46	0.18894961638579438
32	5	0.5650982627264686
32	8	3.6549902711660898
32	12	0.36829433920544347
32	13	1.47058338959113
32	14	3.2239394611385266
32	17	3.278505457813643
32	22	1.860447139994392
32	24	0.9982048826759634
32	25	1.245858471229012
32	28	1.2802677942557963
32	31	0.27839561155105264
32	33	3.1477071165173367
32	34	2.9138459063869964
32	35	0.5516138301518585
32	36	0.49116968478360734
32	37	0.380684210926706
32	41	1.0912464184937622
32	42	3.0432848460278397
32	47	2.508787011366109
32	48	0.5138556493598423
32	51	0.718434207246285
32	52	1.249008776306876
32	53	1.1624100672228728
32	54	0.7611341011042803
33	0	0.4438353155105952
33	2	0.06983352895966509
33	3	0.3526432282913873
33	4	0.5055123941199188
33	7	0.12207359933734215
33	9	0.5870947958778071
33	11	0.2573421698557264
33	15	0.38623433319256817
33	16	0.35305795114748456
33	18	0.29004255578374627
33	19	0.8912635741529976
33	20	0.5509618530908348
33	26	0.1817122487485036
33	29	0.22880335233949697
33	30	0.30973482740949826
33	38	0.1753809320386958
33	39	0.35204359275209707
33	40	0.6007910546869812
33	43	0.5288141982080012
33	44	0.3310704316959647
33	45	0.18133735959949976
33	46	0.3341011440338711
34	0	2.7396995106226654
34	1	0.6176457408028564
34	2	0.4310672865131232
34	3	2.176790458557476
34	4	3.1204187913500365
34	7	0.7535339543220277
34	9	3.624009331265449
34	10	1.561677940705226
34	11	1.588517614929355
34	15	2.3841410916479675
34	16	2.1793504531459793
34	18	1.790370032241176
34	19	5.5015774829312445
34	20	3.400968482078085
34	21	0.5103802280189921
34	23	2.305393330987878
34	26	1.1216704520182217
34	29	1.4123536603034939
34	30	1.9119261704093506
34	32	0.8685136081531025
34	38	1.082588601869586
34	39	2.1730890379265935
34	40	3.7085533777744297
34	43	3.264255793557268
34	44	2.0436262460448944
34	45	1.1193563422974078
34	46	2.062334178511801
34	49	1.9950310599133172
34	50	0.8742222897640634
35	5	0.28712515606784267
35	6	0.14303664256298745
35	8	1.8570923346529262
35	12	0.18712952524940207
35	13	0.7472001120830079
35	14	1.6380763877533657
35	17	1.6658012479144098
35	22	0.9452890066402976
35	24	0.5071856553640651
35	25	0.6330178865958118
35	28	0.6505011862198217
35	33	1.599342904940711
35	34	1.4805185501587346
35	35	0.28027374621074796
35	41	0.554459850410402
35	42	1.5462861842093503
35	47	1.2747090368036464
35	48	0.2610888994896864
35	51	0.36503480453967513
35	52	0.6346185495190685
35	53	0.590617940242636
35	54	0.38673052455287155
36	5	0.35803982269509005
36	8	2.31576020483011
36	13	0.9317448854420108
36	14	2.0426513213410313
36	17	2.0772237153181052
36	22	1.1787581170809702
36	24	0.6324512439346685
36	25	0.7893617368240374
36	28	0.8111630919655791
36	33	1.9943513760888314
36	34	1.8461795770704792
36	35	0.349496239805871
36	36	0.3111995177699722
36	41	0.6914013012694018
36	42	1.9281906148946752
36	47	1.5895388748771564
36	48	0.3255730865283562
36	51	0.45519173061952367
36	52	0.7913577342388443
36	53	0.7364897785377165
36	54	0.4822458970086636
37	5	0.17935685399437273
37	8	1.1600594085239684
37	13	0.4667492853736071
37	14	1.0232479505922847
37	17	1.0405666828274491
37	22	0.5904883593912934
37	25	0.39542371771550666
37	28	0.4063449120160941
37	33	0.9990525240519457
37	34	0.9248271836342956
37	35	0.17507702238984352
37	36	0.155892621249903
37	41	0.3463513117335592
37	42	0.9659098811572688
37	47	0.7962653141589527
37	51	0.2280242352753554
37	52	0.39642359480796496
37	53	0.36893798204684614
37	54	0.24157677849379156
38	1	0.03620847864804052
38	4	0.18292948484138513
38	19	0.32252104671250287
38	40	0.2174079199829285
38	43	0.19136169553946075
39	5	0.31617822882686114
39	8	2.045004252430477
39	12	0.20606443080378292
39	13	0.8228063721515789
39	14	1.8038269375483957
39	17	1.8343571679895068
39	22	1.0409391080258121
39	24	0.5585057902816094
39	25	0.6970704933715229
39	28	0.7163228597781175
39	33	1.76117416493969
39	34	1.6303264379380793
39	35	0.3086335515744394
39	37	0.2129966901197472
39	41	0.6105634764267922
39	42	1.7027488419274517
39	47	1.4036918640139662
39	48	0.287507465167901
39	51	0.4019712502384957
39	52	0.6988331211222748
39	53	0.6503802621013188
39	54	0.42586227539574495
40	8	0.2659877587093572
40	17	0.23858950474361432
40	22	0.1353919239862882
40	25	0.0906659328331253
40	34	0.21205182076094586
40	41	0.07941421659712515
41	0	0.618901197610764
41	1	0.13952686679686152
41	2	0.09737858434451448
41	3	0.49173941029858304
41	4	0.7049061108802949
41	7	0.17022416690664188
41	9	0.8186677796511392
41	10	0.35278480141244
41	11	0.3588479139751097
41	15	0.5385801512803884
41	16	0.49231771595238144
41	19	1.2428125346347576
41	20	0.76828260122447
41	23	0.5207909436710406
41	29	0.3190522786979349
41	30	0.4319062700203847
41	39	0.49090325521937367
41	40	0.8377663747461087
41	43	0.7373990512854874
41	44	0.4616574650767145
41	45	0.25286385536624795
41	46	0.46588360804009304
41	49	0.4506797579309715
41	50	0.19748779748113118
42	5	0.477852338816317
42	6	0.23805087342819622
42	8	3.0906937158166463
42	12	0.31143311344299407
42	13	1.2435389709925468
42	14	2.7261931478507506
42	17	2.7723346613730966
42	22	1.5732113788514175
42	24	0.8440913187437314
42	25	1.0535094930898283
42	28	1.0826063361877056
42	31	0.23541391448280294
42	33	2.661730369297988
42	34	2.4639751582307587
42	35	0.4664497774063781
42	36	0.4153376467609632
42	37	0.32191010403056775
42	41	0.9227681054729764
42	42	2.5734299276417567
42	47	2.1214535949716367
42	48	0.4345211090826395
42	51	0.607514637475462
42	52	1.0561734203193673
42	53	0.9829447477083262
42	54	0.6436220642596211
43	33	0.009218409501230535
44	8	1.0136466458566935
44	13	0.4078401882684185
44	14	0.8941023583588089
44	17	0.9092352685457115
44	22	0.5159619761853254
44	25	0.3455167228586172
44	28	0.35505953755431036
44	33	0.8729606713232351
44	34	0.8081034176351213
44	41	0.3026378156559166
44	42	0.8440010089489082
44	47	0.6957675261961141
44	48	0.14250873922625773
44	51	0.19924496932014318
44	52	0.3463904040283849
44	53	0.3223737898964644
44	54	0.21108702661070466
45	8	0.8187382248758638
45	12	0.08249998800043089
45	13	0.32941888886112974
45	14	0.7221804370706789
45	17	0.7344035249428428
45	22	0.41675054538200385
45	25	0.27907925261184546
45	33	0.7051039663053094
45	34	0.6527177496962158
45	41	0.24444528967095763
45	42	0.6817127947740095
45	47	0.561982295953469
45	54	0.17049828771002126
46	0	2.789826277929288
46	1	0.6289464634576978
46	2	0.4389542863394763
46	3	2.2166179901419847
46	4	3.1775113688559786
46	7	0.7673209484940109
46	9	3.690315826470862
46	10	1.5902510986147318
46	11	1.6175818435198615
46	15	2.427762403132611
46	16	2.2192248235361847
46	18	1.8231274429173956
46	19	5.602236804596624
46	20	3.4631941221737543
46	21	0.5197183728880236
46	23	2.3475738382313183
46	26	1.1421930361647779
46	29	1.4381947144082194
46	30	1.9469076265434835
46	32	0.8844043214848838
46	38	1.1023961270103215
46	39	2.2128488466641443
46	40	3.776406728658753
46	43	3.3239800771725
46	44	2.0810173456527186
46	45	1.1398365864577547
46	46	2.1000675668173163
46	49	2.0315330402662766
46	50	0.8902174516872433
47	5	0.17160524374034786
47	8	1.1099228890315238
47	12	0.11184115049763045
47	13	0.4465768834498181
47	14	0.9790242751119491
47	17	0.9955945103736717
47	22	0.5649680878231743
47	24	0.3031281522047948
47	33	0.9558745488740724
47	34	0.8848571478079231
47	36	0.14915510988919706
47	37	0.1156036234990172
47	41	0.3313823806905724
47	42	0.9241642953461042
47	47	0.7618515840075948
47	48	0.15604423119317476
47	51	0.2181692731651141
47	52	0.37929059356482747
47	53	0.35299287941461943
48	1	0.0759176554226285
48	3	0.26755924479495363
48	4	0.38354490758420107
48	9	0.445443517997507
48	11	0.1952519461499454
48	15	0.2930456569479232
48	16	0.2678739054073642
48	18	0.22006254752118465
48	19	0.6762239841355585
48	30	0.23500356694756555
48	39	0.26710428630100486
48	40	0.45583521240563235
48	43	0.40122456964484804
48	44	0.25119142400011607
48	46	0.2534909013167511
48	49	0.2452183680034212
48	50	0.10745464944163428
49	0	0.4864169839767865
49	2	0.07653337476748172
49	3	0.3864759056588394
49	4	0.5540113765571358
49	7	0.13378537024380416
49	9	0.6434208138458348
49	15	0.42328974936049096
49	16	0.3869304171269433
49	19	0.9767716189261263
49	20	0.603821267711419
49	23	0.4093085634360167
49	30	0.33945086232666427
49	39	0.3858187409395982
49	40	0.6584310950670572
49	43	0.5795487614150843
49	44	0.3628334096942756
49	45	0.19873491012590913
49	46	0.3661548893133765
49	49	0.3542056299752727
50	5	0.4549505087458423
50	6	0.2266419083389278
50	8	2.9425673250264466
50	12	0.2965071882920199
50	13	1.18394039652448
50	14	2.595536024007793
50	17	2.639466132424326
50	22	1.4978127321635297
50	24	0.8036369055797883
50	25	1.0030183822832126
50	28	1.0307207130975138
50	31	0.22413132982691236
50	33	2.534162726201202
50	34	2.345885246791897
50	35	0.44409443314870795
50	37	0.30648205251419597
50	41	0.8785429827115299
50	42	2.450094223044985
50	47	2.01977957187323
50	48	0.41369599681700714
50	51	0.5783985364069744
50	52	1.0055546365816488
50	53	0.9358355640712971
50	54	0.612775457582348
51	0	0.38338351411071714
51	4	0.436659975696751
51	9	0.5071305912212267
51	11	0.2222913363589929
51	15	0.33362797135515804
51	16	0.30497031954281545
51	19	0.7698706009109747
51	20	0.47591907177533843
51	23	0.3226082981781704
51	29	0.1976395978299183
51	39	0.30409412003231917
51	40	0.5189613754083533
51	43	0.4567879989166501
51	44	0.285977571153238
51	45	0.15663862638518541
51	46	0.2885954906962752
51	49	0.27917733880813894
52	8	1.8923351914037543
52	13	0.7613800567324835
52	14	1.6691628827020917
52	17	1.6974138897093962
52	22	0.9632281712297539
52	24	0.5168107402693943
52	25	0.64503094501069
52	28	0.6628460328892111
52	33	1.629694337576834
52	34	1.5086150008341068
52	35	0.28559262417088416
52	36	0.2542982636093788
52	37	0.19709549840157148
52	41	0.5649820784749271
52	42	1.5756307361570376
52	47	1.2988997499657104
52	52	0.6466619844171501
52	53	0.6018263562562267
52	54	0.3940696795446112
53	0	1.0563166679315141
53	1	0.23813906903194793
53	2	0.16620200791302597
53	3	0.839281839140802
53	4	1.2031065331980952
53	7	0.29053203561794916
53	9	1.3972705570491568
53	10	0.6021194778156433
53	11	0.6124677642371553
53	15	0.9192278072991342
53	16	0.8402688689019732
53	18	0.690293844083512
53	19	2.1211844483690077
53	20	1.3112750799128101
53	23	0.8888658746035923
53	26	0.4324704916722195
53	27	0.08571293436642573
53	29	0.5445461104796833
53	30	0.7371609455078016
53	32	0.3348635122429737
53	38	0.41740212028129164
53	39	0.8378547219360621
53	40	1.4298673017489127
53	43	1.2585642293095454
53	44	0.7879391365182633
53	45	0.43157826511232117
53	46	0.7951521541542153
53	49	0.7692028098178388
53	50	0.33706454761717847
54	5	0.11124512600937457
54	8	0.7195206216298727
54	14	0.6346640491700665
54	17	0.6454058998823003
54	22	0.3662472355230666
54	24	0.19650640478116493
54	25	0.24525943851433213
54	33	0.6196569657250423
54	34	0.5736190967283589
54	41	0.21482254209544083
54	42	0.5991004193595617
54	47	0.49387928722972657
54	48	0.10115751584133681
54	53	0.22883180312548007
55	0	1.1493442926519477
55	3	0.9131956552686451
55	4	1.3090616378242685
55	7	0.31611859124019037
55	9	1.5203252857685445
55	10	0.6551468951797786
55	11	0.666406533788514
55	15	1.0001822995324756
55	16	0.914269610699928
55	18	0.7510865955601836
55	19	2.307992776606507
55	20	1.426756364780024
55	23	0.9671464542060568
55	26	0.4705572736224907
55	29	0.592503160431261
55	30	0.8020811856963299
55	32	0.3643542493440997
55	38	0.4541618619211526
55	39	0.9116428548026398
55	40	1.555792758371302
55	43	1.3694033785582638
55	44	0.8573313069912524
55	45	0.4695864705143851
55	46	0.8651795601755113
55	49	0.8369449107408135
55	50	0.3667491253524666
56	0	1.266164041714788
56	1	0.285447664786103
56	3	1.0060131756372475
56	4	1.4421151127630711
56	7	0.34824899353902594
56	9	1.6748516705192589
56	10	0.7217362508528374
56	11	0.734140323000957
56	15	1.1018411723310557
56	16	1.007196288267804
56	18	0.8274272953650718
56	19	2.5425779559350725
56	20	1.5717723722314012
56	23	1.0654475523275588
56	26	0.5183848766964464
56	29	0.6527253853668489
56	30	0.8836049931751784
56	32	0.4013873405165868
56	38	0.5003230297128545
56	39	1.004302547998007
56	40	1.713924069231483
56	43	1.5085900087714497
56	44	0.9444707557941396
56	45	0.5173154008266597
56	46	0.9531167081303658
56	49	0.9220122792197303
56	50	0.4040256325458299
57	4	0.09060320699417701
58	5	0.21374686312208577
58	8	1.3824900140980398
58	13	0.5562441210984549
58	14	1.2194462311547125
58	17	1.2400856692697113
58	22	0.7037090120568001
58	24	0.37756825051223636
58	25	0.47124253901339336
58	28	0.48425777077794363
58	33	1.1906115565397097
58	34	1.102154197229987
58	35	0.2086464136004434
58	36	0.1857835819148101
58	41	0.41276095545024816
58	42	1.15111412002393
58	47	0.9489417846264089
58	48	0.19436448559990266
58	51	0.2717457622636984
58	52	0.47243413324166467
58	53	0.4396784097895693
60	0	0.08833091663666548
60	3	0.07018211149974958
60	4	0.10060572375237635
60	9	0.11684203500761027
60	20	0.10965095343835363
60	30	0.06164259639390333
61	0	2.663520213848885
61	1	0.6004716609421827
61	2	0.4190811535005695
61	3	2.116263249017224
61	4	3.033653323734681
61	7	0.7325814058717885
61	9	3.523241169907974
61	10	1.5182543729567282
61	11	1.5443477509173058
61	15	2.3178483500290383
61	16	2.118752061132343
61	18	1.740587517957343
61	19	5.348602201455607
61	20	3.3064021304362523
61	21	0.49618874216188363
61	23	2.2412902269574273
61	26	1.0904816059731106
61	27	0.2161266031334453
61	29	1.3730821605566688
61	30	1.8587637011018794
61	32	0.8443639685115913
61	38	1.0524864545114652
61	39	2.112664749024036
61	40	3.605434408970922
61	43	3.173490835619813
61	44	1.9868017623055232
61	45	1.0882318417217562
61	46	2.004989507381844
61	49	1.9395577999456557
61	50	0.8499139161632466
62	0	2.512102739503066
62	1	0.5663356698416238
62	2	0.39525696418935263
62	3	1.995956583217974
62	4	2.861194289283829
62	7	0.6909351568014561
62	9	3.3229497372825105
62	10	1.4319436923122575
62	11	1.4565536974914317
62	15	2.1860818474685537
62	16	1.9983039097747577
62	18	1.6416375026818395
62	19	5.044541495471852
62	20	3.1184377000710555
62	21	0.46798109209550276
62	23	2.1138759487862626
62	26	1.0284892209562837
62	27	0.20384010190276075
62	29	1.295024321258218
62	30	1.7530955317509778
62	32	0.7963630339304012
62	38	0.9926540417906231
62	39	1.9925626530183878
62	40	3.4004704033338085
62	43	2.9930822302370954
62	44	1.8738548046252566
62	45	1.0263673527197756
62	46	1.8910086013165852
62	49	1.8292965967873278
62	50	0.8015974746631318
63	0	0.352234326461181
63	4	0.4011821759964437
63	9	0.46592718688233214
63	16	0.2801920561033636
63	19	0.7073200661826826
63	20	0.4372515445419115
63	23	0.2963969822311125
63	26	0.14420955095482443
63	29	0.1815817531569074
63	30	0.24581017891432386
63	39	0.2793870461510156
63	40	0.47679674216127055
63	43	0.41967483528123684
63	44	0.26274243270949615
63	46	0.2651476512257649
63	50	0.11239593912341549
64	5	0.13209200773705027
64	8	0.8543558439701092
64	13	0.34374961893994616
64	14	0.7535974968137966
64	17	0.7663523264255772
64	22	0.4348804698581523
64	24	0.2333309015133498
64	25	0.29122005441469584
64	33	0.7357781472958352
64	34	0.6811129699001555
64	41	0.2550794080647858
64	42	0.7113693881981356
64	47	0.5864302461612598
64	51	0.167934363139377
64	52	0.29195643983678427
64	53	0.2717139473273361
65	4	0.25302478871698986
65	9	0.29385933641141776
65	11	0.1288078174009526
65	19	0.44610533819614917
65	26	0.09095267273698594
65	30	0.1550319837360711
65	40	0.3007147429884174
65	45	0.09076502897429614
66	8	2.3964987450245787
66	12	0.24148270069783556
66	13	0.964229994101942
66	14	2.113867972126978
66	17	2.1496457260609745
66	22	1.2198552951985469
66	24	0.654501536565553
66	25	0.8168826840203897
66	28	0.8394441392727795
66	31	0.18253803271809857
66	33	2.0638840584470444
66	34	1.910546277767129
66	35	0.3616813599001392
66	36	0.32204942991612784
66	41	0.7155068764652338
66	42	1.9954166148658996
66	47	1.6449578461818106
66	51	0.47106190394841996
66	52	0.8189482715063823
66	53	0.7621673549393047
66	54	0.4990593087159902
67	5	0.21742754723491314
67	8	1.4062962536690353
67	12	0.14170515132640482
67	13	0.5658225489147795
67	14	1.240444884907562
67	17	1.2614397305867138
67	22	0.7158267598585609
67	24	0.3840699106576517
67	25	0.47935725424850933
67	28	0.49259660605899064
67	33	1.2111136821695083
67	34	1.1211331023908706
67	35	0.212239268852307
67	36	0.18898274314875732
67	41	0.41986862790415186
67	42	1.1709361066100132
67	47	0.9652823984705406
67	48	0.19771140851514946
67	51	0.27642517741525957
67	52	0.4805693675238481
67	53	0.4472495961640862
67	54	0.29285441424203945
68	5	0.38744013887823076
68	6	0.19301038410645346
68	8	2.5059180529539504
68	12	0.2525083146449031
68	13	1.0082547943896196
68	14	2.2103829279742953
68	17	2.247794222123096
68	22	1.275551432094807
68	24	0.6843847590451788
68	25	0.8541799027777824
68	28	0.8777714686549832
68	33	2.158116849426212
68	34	1.9977779743888493
68	35	0.378195002635563
68	36	0.3367535585177517
68	37	0.261003002979652
68	41	0.7481754799452368
68	42	2.086523320213729
68	47	1.720063309715178
68	48	0.35230740790245163
68	51	0.492569642113916
68	52	0.8563398008298265
68	53	0.7969663819268876
68	54	0.5218453520171956
69	0	0.8031944659661687
69	1	0.18107447149475167
69	3	0.6381670847851336
69	4	0.9148094873147493
69	9	1.0624465304301258
69	10	0.45783527526739676
69	11	0.46570383082305905
69	15	0.6989558247061088
69	16	0.6389175953715744
69	18	0.5248806653255774
69	19	1.6128909653198311
69	20	0.9970579084089575
69	23	0.6758694368288349
69	26	0.32883880009674865
69	29	0.41405805255081013
69	30	0.5605171346180464
69	32	0.25462110752661987
69	38	0.31738122030108373
69	39	0.6370819436755298
69	40	1.0872322085758896
69	43	0.9569780111714971
69	44	0.5991274900631052
69	45	0.3281603752862212
69	46	0.6046120725031966
69	49	0.5848808968063842
69	50	0.2562947149642634
70	0	1.494100684168655
70	1	0.3368343573188683
70	2	0.2350834188949447
70	3	1.187117091057679
70	4	1.701726716003687
70	7	0.4109412701398683
70	9	1.9763608382171394
70	10	0.8516642320122445
70	11	0.8663013027806447
70	15	1.3001961793161196
70	16	1.1885131892981322
70	18	0.9763819279139261
70	19	3.0002964373951575
70	20	1.8547250587908548
70	21	0.27833689239007803
70	23	1.2572509283414064
70	26	0.6117052557312397
70	29	0.7702299328687907
70	30	1.0426728143771253
70	32	0.4736456575328639
70	38	0.5903918894955453
70	39	1.1850985138102272
70	40	2.022467105434286
70	43	1.78016851685569
70	44	1.1144957177098371
70	45	0.61044325130203
70	46	1.1246981266199416
70	49	1.0879942344030087
70	50	0.4767588986264826
71	5	0.4703588600461631
71	6	0.23431786006538738
71	8	3.04222676093705
71	13	1.2240383175018175
71	14	2.683442137094243
71	17	2.7288600788687583
71	22	1.5485409417503047
71	24	0.8308546348075485
71	25	1.0369888016976307
71	28	1.065629360378082
71	33	2.6199902366377286
71	34	2.42533613935701
71	35	0.4591351087934841
71	36	0.4088244970165077
71	37	0.3168620455938833
71	41	0.9082976453612497
71	42	2.5330744852533607
71	47	2.0881858547421652
71	48	0.4277071323756089
71	51	0.5979878492426015
71	52	1.039610954344274
71	53	0.9675306228817488
71	54	0.6335290545937502
72	0	0.4276263629586965
72	1	0.09640531770450511
72	4	0.4870509825910499
72	7	0.11761544760774811
72	9	0.5656539790764166
72	10	0.24375470934212964
72	15	0.37212897978365694
72	16	0.34016420570130107
72	18	0.27945014490422504
72	19	0.8587144540631233
72	20	0.5308406184288708
72	23	0.35983762507426303
72	29	0.220447409150254
72	30	0.298423250917719
72	39	0.33918689187295653
72	40	0.5788500478344204
72	43	0.5095018002352013
72	44	0.31897967476166567
72	46	0.32189970489208014
72	49	0.31139468866294406
73	0	2.0627293229940045
73	1	0.4650276338104136
73	2	0.324552064424025
73	3	1.6389131331631244
73	4	2.3493741981493277
73	7	0.5673383440136504
73	9	2.728529273163309
73	10	1.1757927717530732
73	11	1.1960004561458535
73	15	1.795028148462711
73	16	1.6408405620230915
73	18	1.347975845597117
73	19	4.142156887193314
73	20	2.5606010394061345
73	21	0.3842670548829172
73	23	1.7357386846350655
73	26	0.8445095979113705
73	29	1.0633659999025984
73	30	1.439495886250195
73	32	0.6539069266576479
73	38	0.8150847365403048
73	39	1.6361263206523167
73	40	2.7921827808354
73	43	2.4576695790967724
73	44	1.5386533328244079
73	45	0.8427672966264155
73	46	1.5527386004687085
73	49	1.5020658475906081
73	50	0.6582050129656202
74	8	0.31272949675227957
74	14	0.27584778356195283
74	17	0.2805165775706853
74	25	0.10659855808801094
74	33	0.269325166263159
74	34	0.24931545539446023
74	37	0.032572229437608125
75	29	0.024215967933319062
76	0	0.6183598363679552
76	1	0.13940482076058633
76	3	0.49130927918989403
76	4	0.7042895199773804
76	7	0.17007526952704655
76	9	0.8179516798789134
76	10	0.35247621577829685
76	11	0.358534024854457
76	15	0.5381090479424488
76	16	0.49188707899192047
76	18	0.40409282692580023
76	19	1.2417254297124767
76	20	0.7676105740488355
76	21	0.11519461643862393
76	23	0.5203354007934412
76	26	0.2531649746548741
76	30	0.43152847576822007
76	32	0.19602658267396483
76	38	0.2443440633216546
76	39	0.49047385550683414
76	40	0.8370335691746107
76	43	0.736754038368416
76	44	0.46125364705210786
76	45	0.2526426719341736
76	46	0.4654760933511145
76	49	0.4502855422551833
76	50	0.19731505223536872
77	8	0.26838575234328477
77	14	0.23673371297670096
77	17	0.24074049137650774
77	28	0.09400999993704375
77	33	0.23113597573360753
78	8	1.049725713863883
78	13	0.4223565820716705
78	14	0.9259264460963582
78	17	0.9415979870753732
78	22	0.5343267853661234
78	25	0.35781481647200014
78	28	0.3676972917997225
78	33	0.9040322558413824
78	34	0.8368665159799676
78	36	0.14106561433425524
78	37	0.10933380814287431
78	42	0.8740418224064109
78	47	0.720532215151019
78	48	0.14758110099569616
78	52	0.35871959487123095
78	53	0.33384814926711076
79	0	0.2592031582923356
79	4	0.29522303551051
79	9	0.34286777097368887
79	16	0.20618849559632332
79	18	0.1693870313403064
79	19	0.520504622363376
79	20	0.3217658609600502
79	39	0.20559610267368644
79	44	0.19334761906920056
79	46	0.19511757784086153
