0:1.2286216421728156 -0.976093991922661 0.8546794505396079 0.8908380287020455 
1:-1.62176715163607 0.57081172924983 0.7489463621855922 0.20838313365603445 
2:-0.5556290856061256 -2.2822108086977466 0.11475926577694402 0.11838835969795129 
3:0.0408030317989733 -0.6971920799827293 -2.4451461911679866 0.28174273719403853 
4:0.4055664720214442 -0.2080708719296449 -1.3103893379223688 -1.53569856610522 
5:-0.7745946695193505 1.0630892146020783 -1.4564720867964651 -0.4836989790601458 
6:0.31034831161676774 0.6313037700451316 0.05900933737331947 -0.3193013531417529 
7:-0.1843614534859336 -0.4359986347082736 -0.024781181835553563 0.027808028942609475 

0:-0.21029357590569228 -1.2393232058147827 -0.6955341044297676 0.03319127896886813 
1:-1.1239502672661108 0.4195140461503819 -0.3662114202862852 -0.9330946750045668 
2:-0.615473709800275 -1.102392753907171 -0.24765882301612843 1.0118969012492123 
3:-0.7910044141155435 -0.7919581530288813 0.7080009536489977 1.28855309249171 
4:0.16041689043960228 -0.15409487908595917 -0.0308703715643378 0.08840154301223431 
5:0.6910049753769553 -0.7493129034601723 0.4066788563821339 1.4877200298855415 
6:-1.6881641645852834 0.06260779432442679 0.23537353935864244 -0.5601643542136812 
7:-1.01500645144498 -0.41363564000878683 0.2677129228904234 -0.643782504066399 
8:-0.005199244675042216 0.24270091227105633 2.1142106909431253 -0.9390784119875792 
9:0.7779116265946453 -1.5603670559259006 2.8780176480497617 1.6184092676470725 
10:-0.6138193574708811 -0.6088365551218408 0.25997264862737246 -1.3985814348473136 
11:-0.7998279059181894 -1.6948525836806227 1.126517869002744 0.729222573179687 
