0	0	0.8303674443966697
0	6	0.4848111834977901
0	7	1.100059441231544
0	8	0.8606889794007686
0	11	1.1040402229281825
0	12	1.5856372616559329
0	14	0.43949810184625854
0	21	1.1070126453839189
0	22	0.24070208251765163
0	23	1.130877108874163
0	26	0.9658540965965434
0	27	1.80897201187672
0	28	0.4161830005894417
0	33	0.10420846146157417
0	35	0.4115696100152273
0	42	0.17287893573617402
0	46	1.039730882606274
0	50	1.5365227204409106
0	51	0.5004553129194952
0	53	0.7750291043504622
1	0	0.6324659973236286
1	5	0.2239902353378255
1	6	0.3692661492857154
1	7	0.8378823089810584
1	8	0.6555610018377865
1	11	0.8409143511003414
1	12	1.2077323826386146
1	15	0.3050911716015124
1	21	0.8431783562050942
1	22	0.18333556271345974
1	23	0.8613552028575026
1	26	0.7356621199388333
1	27	1.377839768818771
1	28	0.3169941190651974
1	46	0.7919318538476066
1	50	1.170323308496478
1	51	0.38118181383124405
1	53	0.5903164421312419
1	57	0.10890620050181643
2	0	1.0966815722939347
2	5	0.3883939445096833
2	6	0.6402990562453369
2	7	1.4528687580028585
2	8	1.136727781844963
2	11	1.4581262496825815
2	12	2.094180325752246
2	14	0.5804532350171312
2	15	0.5290211128832256
2	21	1.4620519827472338
2	23	1.4935702190642273
2	24	0.4698945747672766
2	26	1.2756212883943883
2	27	2.389142642342061
2	28	0.5496605515165198
2	31	0.3426577592998758
2	33	0.13763003370760452
2	35	0.543567561644775
2	42	0.22832439342248595
2	46	1.3731917198749255
2	50	2.0293138468871916
2	51	0.6609605460076565
2	53	1.023595207721795
3	0	1.4166537720585768
3	5	0.5017133144523025
3	6	0.8271152686355027
3	7	1.876763555008621
3	8	1.4683840238019763
3	11	1.8835549934788298
3	12	2.7051867495523396
3	14	0.749808591358575
3	15	0.683370427659362
3	21	1.8886261141164293
3	22	0.41065135132886194
3	23	1.9293402370625337
3	24	0.6069928944110196
3	26	1.6478016550804098
3	27	3.086208450808848
3	28	0.7100317114191215
3	30	0.5605142546947546
3	31	0.44263295700495614
3	33	0.17778552254926525
3	35	0.7021610064642939
3	42	0.2949412312257379
3	46	1.773839625709535
3	50	2.6213945674952237
3	51	0.8538050372498465
3	53	1.3222434375796275
3	55	0.10941711757976307
3	57	0.24393782494922117
4	1	1.2432932213989267
4	2	0.07050120672422565
4	4	2.340189925940731
4	9	1.4967931197418667
4	10	2.5742400989269596
4	17	1.3004722675928622
4	18	2.9341456657893548
4	25	1.5924126503457512
4	29	1.6281532945301056
4	32	1.5836254664555018
4	34	1.1377910311576054
4	36	1.3762310883953806
4	37	1.0309951228176362
4	38	2.775967685285768
4	39	0.5516568406203984
4	40	0.8681729963675014
4	43	1.2872953857563547
4	44	1.3956021894600208
4	47	1.0453668853738032
4	52	0.9299622542186794
4	59	2.353009362993462
5	25	0.04620207376680037
6	4	0.8036187949384785
6	9	0.5139972058787629
6	10	0.8839913817466738
6	17	0.44658082873926314
6	18	1.0075825803616076
6	25	0.5468328535775654
6	29	0.5591061537449482
6	32	0.5438153437376552
6	36	0.472596329278095
6	37	0.35404265653912625
6	38	0.9532644258096877
6	40	0.2981297070828641
6	41	0.04325623594274812
6	43	0.4420559011745724
6	44	0.47924834530535826
6	47	0.3589779049044426
6	59	0.8080209763349155
7	1	1.439906615725902
7	3	0.12798886389555983
7	4	2.710265686662157
7	9	1.7334947849746127
7	10	2.9813283665627726
7	13	0.097459759247264
7	17	1.5061279104924783
7	18	3.398149111534455
7	25	1.844235511570243
7	29	1.885628152602623
7	32	1.8340587294569022
7	34	1.3177203936124076
7	36	1.593867170544422
7	37	1.1940358658562336
7	38	3.2149569918726066
7	39	0.63889541159566
7	40	1.0054651787271653
7	43	1.4908672471151965
7	44	1.6163016020178655
7	47	1.2106803674332487
7	48	0.2366856250056662
7	52	1.0770257403303218
7	59	2.72511237922382
8	1	1.7716666690031833
8	3	0.15747799314960068
8	4	3.3347213831514257
8	9	2.132898687934763
8	10	3.6682379528690388
8	16	0.17823492690121584
8	17	1.8531456062028935
8	18	4.181095809587144
8	20	0.1179063861823433
8	25	2.2691545062412604
8	29	2.3200841718585767
8	32	2.256632954169063
8	34	1.6213282687446589
8	36	1.9611003311130688
8	37	1.4691463474285023
8	38	3.9556955170373933
8	39	0.7860993854330404
8	40	1.2371282446648204
8	43	1.8343688269610134
8	44	1.9887037423658869
8	47	1.4896258065434966
8	52	1.325176636430523
8	59	3.352988811100686
9	0	1.4072931860282543
9	6	0.8216500775057001
9	7	1.8643627785721146
9	8	1.4586816284450808
9	11	1.871109342390998
9	12	2.6873121398229087
9	14	0.7448542066217259
9	15	0.6788550352573156
9	21	1.8761469554334924
9	22	0.40793795912365416
9	23	1.916592058483555
9	24	0.6029821690524357
9	26	1.6369137518696808
9	27	3.0658162277540044
9	28	0.7053401537145612
9	35	0.6975214546995773
9	45	0.3028423764896455
9	46	1.7621189224947185
9	50	2.6040736173432313
9	51	0.8481634926029238
9	53	1.313506670915386
10	1	0.42022773095329036
10	4	0.79097407244874
10	9	0.505909600076393
10	10	0.8700820185312914
10	17	0.4395540012381993
10	18	0.991728543354991
10	29	0.5503087709548267
10	32	0.535258557671258
10	34	0.38456844700269655
10	36	0.46516015497377433
10	37	0.34847189193075273
10	38	0.9382650701455059
10	39	0.18645762593150023
10	43	0.4351002721742182
10	44	0.4717075033436959
10	59	0.7953069867219364
11	1	0.978314449786486
11	3	0.08695935805368744
11	4	1.8414333645417555
11	9	1.1777867941215223
11	10	2.0256012360192632
11	17	1.0233071242045082
11	18	2.308801377836092
11	25	1.2530272658473518
11	29	1.2811506305117941
11	32	1.2461128639791512
11	34	0.8952975753913429
11	36	1.082919730317244
11	37	0.8112627085483417
11	38	2.1843353216385157
11	39	0.4340841317346236
11	40	0.6831422971204582
11	43	1.0129385854866026
11	44	1.0981623358053436
11	47	0.8225714672028595
11	48	0.16081110015808614
11	52	0.7317626247768529
11	59	1.8515206394427672
12	0	0.5810443266009157
12	6	0.3392435355515923
12	7	0.7697595824168918
12	8	0.602261627455917
12	11	0.7725451090363141
12	12	1.109539567271463
12	14	0.30753599548352445
12	15	0.28028620527464737
12	21	0.7746250427040191
12	23	0.7913240489234357
12	26	0.6758502479097496
12	27	1.2658166352421465
12	28	0.29122140198541063
12	45	0.12503780055260935
12	46	0.727545058042453
12	50	1.0751719801036754
12	53	0.5423216758704026
13	32	0.22394421942930248
13	36	0.1946160903403879
13	37	0.14579545663128615
13	38	0.3925561501822167
13	40	0.12277039496989034
13	59	0.33274461434673935
14	0	0.608357183401812
14	6	0.355190184856912
14	7	0.8059432818063375
14	8	0.6305718351875836
14	11	0.8088597462667957
14	12	1.1616951325673075
14	19	0.14209284301055566
14	21	0.8110374503245048
14	22	0.1763470400333248
14	23	0.8285214182838566
14	24	0.2606624814560072
14	26	0.7076195987060925
14	27	1.3253182376359125
14	28	0.3049106991450867
14	31	0.19008098119348824
14	46	0.7617444006343681
14	50	1.125712045610722
14	56	0.056341542529628995
14	57	0.10475483215325548
15	0	1.1784953300381449
15	5	0.41736859757964184
15	6	0.6880661321176229
15	7	1.561254506067128
15	8	1.2215290347468866
15	11	1.566904212918049
15	12	2.2504086842587245
15	14	0.6237557410054478
15	15	0.5684867210090822
15	19	0.2752589374936019
15	21	1.5711228103674362
15	22	0.34161536810202814
15	23	1.6049923448330523
15	24	0.5049492723901384
15	26	1.370784163105375
15	27	2.567375542661596
15	28	0.5906658864646196
15	30	0.4662843135042781
15	35	0.5841183522566714
15	46	1.4756334655415437
15	50	2.1807030884415317
15	51	0.7102689937428008
15	53	1.099956635202989
16	1	0.6534329853200007
16	4	1.2299248988124205
16	9	0.7866639822413574
16	10	1.352933776056176
16	17	0.6834843635541824
16	18	1.5420880036675588
16	20	0.043486691520120836
16	25	0.8369183826209324
16	29	0.8557024597997375
16	32	0.8323001351285985
16	34	0.5979845923418607
16	36	0.7233006446930859
16	37	0.5418562647635701
16	38	1.4589549918941571
16	40	0.45628244651114636
16	43	0.6765590388701551
16	44	0.7334814420944915
16	47	0.5494095784547843
16	48	0.10740848944000068
16	59	1.2366623625734332
17	1	0.8450259727603227
17	4	1.5905509935837254
17	9	1.0173216102695957
17	10	1.7496272852407115
17	17	0.883888711091005
17	18	1.9942433955075647
17	20	0.056237417806390924
17	25	1.0823110958332
17	29	1.1066028494590925
17	32	1.0763387326875804
17	34	0.7733195648087815
17	36	0.9353795180398206
17	37	0.700733858735147
17	38	1.8867349658437158
17	43	0.8749328129969788
17	44	0.9485454255175176
17	47	0.7105018783987953
17	52	0.6320651033690261
17	59	1.5992639480817281
18	0	1.4071619936871809
18	5	0.49835176508809925
18	6	0.8215734806755006
18	7	1.864188976751741
18	8	1.4585456455101697
18	11	1.8709349116345149
18	12	2.687061620048978
18	14	0.7447847689465525
18	15	0.6787917502345435
18	21	1.8759720550547194
18	23	1.9164133876838017
18	24	0.6029259571392617
18	26	1.636761153570069
18	27	3.0655304226266766
18	28	0.7052743996649165
18	35	0.6974564295338909
18	46	1.7619546521713865
18	49	0.24145121013393156
18	50	2.603830857328773
18	51	0.848084424107949
18	53	1.3133842216511646
19	0	2.3781585632254334
19	5	0.8422338884646138
19	6	1.3884911738326222
19	7	3.1505519609124435
19	8	2.464998935649392
19	11	3.1619528535462704
19	12	4.5412387701642745
19	14	1.2587152609125043
19	15	1.147184489567674
19	19	0.5554620223090369
19	21	3.170465822069223
19	22	0.689366764783829
19	23	3.2388132489692993
19	24	1.0189683450762517
19	26	2.7661900838566247
19	27	5.18086578382843
19	28	1.1919411983206671
19	30	0.9409439348580189
19	31	0.7430547800945719
19	33	0.2984513020804361
19	35	1.1787285243729992
19	42	0.4951223993626147
19	45	0.5117676956775455
19	46	2.977771971439257
19	50	4.400575540220018
19	51	1.4332957005508715
19	53	2.219670476844362
19	54	0.2798747648162167
19	55	0.18368020490824505
19	57	0.40950219364791257
20	5	0.17067964805664113
20	6	0.2813793034515987
20	7	0.6384629106446709
20	8	0.49953481634847546
20	11	0.6407733144041545
20	12	0.9202871620920032
20	19	0.11256500572467738
20	21	0.6424984770832098
20	23	0.6563491602825622
20	26	0.5605715424620507
20	27	1.0499082983048158
20	28	0.24154822908450332
20	45	0.10371030111865608
20	46	0.6034488507755368
20	50	0.8917815997889199
21	0	0.21897180620694828
21	8	0.2269677378052047
21	46	0.2741819309870255
21	50	0.40518827856675244
22	1	0.10795578929713728
22	4	0.20319989380773676
22	9	0.12996731573461245
22	10	0.22352259059798377
22	17	0.11292067526038436
22	25	0.1382700087123392
22	29	0.141373387212681
23	11	0.23238521476557136
23	14	0.0925082788340108
23	27	0.3807636178054582
23	31	0.05461022116797184
23	53	0.16313291954741255
24	0	1.282095283530225
24	5	0.4540589146273183
24	6	0.7485531085781525
24	7	1.6985023084938204
24	8	1.328912023854622
24	11	1.704648673542768
24	12	2.44823911182591
24	14	0.6785892767110928
24	15	0.6184616308421995
24	21	1.709238122270407
24	22	0.37164631972777995
24	23	1.7460850823617338
24	24	0.5493386898125943
24	26	1.4912879715852951
24	27	2.7930701042241237
24	28	0.6425905371674037
24	30	0.507274745932692
24	31	0.40059020609280244
24	33	0.16089886211868606
24	35	0.6354674179553051
24	45	0.2759004210389631
24	46	1.6053544364311891
24	50	2.372405790000193
24	51	0.7727077941716824
24	53	1.1966523567266767
24	55	0.09902431571733801
25	0	2.636123442246069
25	5	0.9335931302345067
25	6	1.5391043260495039
25	7	3.4923003068859426
25	8	2.732383609679857
25	11	3.5049378832020484
25	12	5.033838434486237
25	14	1.3952512913621873
25	15	1.2716224949394892
25	21	3.5143742749689713
25	22	0.7641441227061359
25	23	3.590135520267993
25	24	1.1294984207104624
25	26	3.0662457241173593
25	27	5.742847409365971
25	28	1.3212340771804674
25	30	1.043010505218088
25	31	0.8236558129343788
25	35	1.306588191045372
25	42	0.5488295792904135
25	46	3.3007784346086146
25	50	4.877917107938863
25	51	1.588768913191468
25	53	2.460443751965359
25	54	0.3102334889833825
25	57	0.45392193313735846
26	0	0.6237301523955527
26	6	0.3641657141144993
26	7	0.8263091810181155
26	8	0.6465061605068958
26	11	0.8292993434950438
26	12	1.1910507541336945
26	21	0.8315320773573973
26	22	0.18080326682333492
26	23	0.8494578589496937
26	26	0.7255008935228039
26	27	1.3588085566950023
26	28	0.31261568373589294
26	31	0.1948842597770458
26	46	0.7809934098868375
26	50	1.1541583874066466
26	51	0.37591679527036714
26	53	0.5821627818257484
27	0	1.6572032428693155
27	5	0.5869048232532355
27	6	0.9675604106271377
27	7	2.195440206211959
27	8	1.7177173519864886
27	11	2.203384838893961
27	12	3.1645306300994145
27	14	0.8771269689453273
27	15	0.7994075271846021
27	21	2.2093170417591677
27	23	2.2569444704983854
27	24	0.7100609992763853
27	26	1.9276003073330805
27	27	3.6102502627858972
27	28	0.8305959281737362
27	30	0.6556902320634321
27	31	0.5177925518692771
27	35	0.8213887682931296
27	46	2.0750396730912635
27	49	0.28435512771362104
27	50	3.0665104373247423
27	51	0.9987821332325488
27	53	1.5467619229471306
27	54	0.19502878194196985
27	57	0.2853587535202083
28	18	0.4650379095639127
28	25	0.25238428300072047
28	34	0.18033050261250635
28	43	0.20402571084430368
28	44	0.22119144674254243
28	48	0.03239051161788523
28	59	0.3729325943524407
29	0	1.8584501274383745
29	5	0.6581771718480673
29	6	1.0850586831588347
29	7	2.462049328333168
29	8	1.926312928386018
29	11	2.470958738620559
29	12	3.548823825982986
29	14	0.9836432159001184
29	15	0.8964857069668287
29	21	2.4776113343225474
29	22	0.5387167078240115
29	23	2.531022526577221
29	24	0.7962891457473937
29	26	2.161683578781116
29	27	4.0486706080432
29	28	0.9314615544027163
29	30	0.7353157197716618
29	31	0.5806720679244917
29	35	0.9211362985675706
29	45	0.3999290686323426
29	46	2.327027636163181
29	50	3.4389002903288928
29	51	1.1200718987101197
29	53	1.7345970720168358
29	54	0.2187126209255114
29	56	0.1721159045229936
30	0	2.5401538467822196
30	5	0.8996051334660037
30	6	1.483072344701248
30	7	3.3651610984865976
30	8	2.6329096072599993
30	11	3.37733859654261
30	12	4.850578640788409
30	14	1.3444563627725177
30	15	1.2253283440411176
30	19	0.5932989559771341
30	21	3.3864314510206497
30	22	0.7363250148612838
30	23	3.4594345644557896
30	24	1.0883783787672512
30	26	2.9546172787189238
30	27	5.533775734703467
30	28	1.2731337879952138
30	30	1.005039105758494
30	31	0.793670147657107
30	33	0.31878119263358723
30	35	1.2590210937983524
30	42	0.5288491216764035
30	45	0.5466282614356364
30	46	3.1806116905143833
30	49	0.4358582899363561
30	50	4.700333720130507
30	51	1.5309288638823155
30	53	2.3708698770270584
30	55	0.19619212372560235
31	21	0.08840129184230254
31	50	0.12270012813170592
32	7	0.28642893634280686
32	12	0.4128616847951166
32	50	0.4000734432947896
33	1	0.8138700405247256
33	4	1.5319077085596193
33	9	0.9798131736379585
33	10	1.6851188903585432
33	17	0.8512999177588841
33	18	1.9207160554084652
33	25	1.0424065103570113
33	29	1.0658026320683247
33	32	1.0366543470010423
33	34	0.7448074329521226
33	36	0.9008922693421052
33	37	0.6748979467966947
33	38	1.817171439233592
33	39	0.36111913706590193
33	43	0.8426742217688417
33	44	0.9135727525436048
33	47	0.6843058216026382
33	59	1.540299418233602
34	1	1.5391450050679274
34	4	2.8970572455701067
34	9	1.85296727611735
34	10	3.1868015701484285
34	17	1.6099302726373272
34	18	3.6323496082122952
34	20	0.10243181097958429
34	25	1.9713402555423591
34	29	2.0155856781244617
34	32	1.9604620894263458
34	34	1.4085377063721733
34	36	1.7037165240389331
34	37	1.2763288387824305
34	38	3.4365318844335935
34	39	0.6829280946268441
34	40	1.0747618565718413
34	41	0.15593934903379422
34	43	1.5936178440710307
34	44	1.7276971369250553
34	47	1.2941204797015833
34	52	1.151254373342332
34	59	2.9129271724448733
35	1	0.8949729123886648
35	4	1.6845636713157728
35	9	1.0774524259944223
35	10	1.8530424833588934
35	16	0.09003693212104749
35	17	0.9361327101089587
35	18	2.112117115003153
35	25	1.1462832442703446
35	29	1.1720108102747082
35	32	1.1399578727307953
35	34	0.8190281546770309
35	36	0.9906669835416341
35	37	0.7421521261801723
35	38	1.9982541859285723
35	40	0.6249461523983559
35	43	0.9266474558580339
35	44	1.0046110881483412
35	47	0.7524975040602018
35	52	0.6694245675474234
35	59	1.6937916223065752
36	1	0.8473129637903623
36	4	1.5948556847676711
36	9	1.0200749048100606
36	10	1.7543625028982084
36	17	0.886280880821854
36	18	1.999640645893069
36	25	1.0852402788970028
36	29	1.109597776091066
36	32	1.0792517520577423
36	34	0.7754124885354863
36	36	0.937911043266734
36	37	0.7026303354128253
36	38	1.8918412537946667
36	40	0.5916659256029804
36	41	0.08584599343551301
36	43	0.8773007443502308
36	44	0.951112583154883
36	47	0.7124247913921279
36	52	0.6337757338921142
36	59	1.6035922201370605
37	1	0.5912823614317003
37	4	1.1129418240147624
37	9	0.7118412255315596
37	10	1.224250835111181
37	17	0.6184754329260669
37	18	1.3954138478294256
37	25	0.7573157289562948
37	29	0.7743131774492875
37	32	0.7531367414483318
37	34	0.541107886811856
37	36	0.6545046283663766
37	37	0.4903181488902985
37	38	1.3201879492007635
37	40	0.4128835986460357
37	43	0.6122088035626172
37	44	0.6637170894205316
37	52	0.442269183369363
37	59	1.1190384606587194
38	0	1.475047713095602
38	5	0.5223937504765866
38	6	0.861208652057862
38	7	1.954123049991196
38	8	1.5289102665557046
38	11	1.9611944290265646
38	12	2.8166935401762445
38	14	0.7807154223263304
38	15	0.7115387022556319
38	19	0.34452411979088704
38	21	1.966474579368771
38	22	0.4275782471373042
38	23	2.008866923304069
38	24	0.6320129155236057
38	26	1.7157234257948275
38	27	3.213420814096897
38	28	0.7392989542054639
38	30	0.5836184435831206
38	35	0.7311038217228121
38	46	1.8469566346469442
38	49	0.2530995414387206
38	50	2.729447475572163
38	51	0.888998562997379
38	53	1.3767458197801994
39	0	2.148602692370803
39	5	0.7609358048466929
39	6	1.2544646604151055
39	7	2.8464394806751607
39	8	2.227060647564312
39	11	2.856739882417611
39	12	4.102887839000964
39	14	1.1372155920742355
39	15	1.0364505214438382
39	21	2.864431121921707
39	22	0.622824444824489
39	23	2.9261811951611256
39	24	0.9206106621848157
39	26	2.499178798962348
39	27	4.680773748260087
39	28	1.0768870114304068
39	30	0.8501176931885983
39	31	0.6713301315471839
39	35	1.0649497137008248
39	42	0.44732985292653205
39	46	2.690337378691519
39	50	3.975802370752834
39	51	1.2949443526550821
39	53	2.005412942800355
39	56	0.19898768893393554
39	57	0.36997428573910035
40	1	1.6730005757248299
40	4	3.1490070290892924
40	9	2.014115180529584
40	10	3.46394968896632
40	13	0.11323667212159952
40	17	1.7499418600135155
40	18	3.9482459194966077
40	20	0.11134004799880334
40	25	2.142782760306815
40	29	2.1908760960284734
40	32	2.130958547438634
40	34	1.5310346886950903
40	36	1.8518844658585287
40	37	1.3873279483520606
40	38	3.7353984206968205
40	39	0.7423206336812608
40	40	1.1682311925720232
40	43	1.732210780555099
40	44	1.8779506123441523
40	47	1.406666883541938
40	48	0.27500060252216235
40	52	1.2513760711729995
40	59	3.16625712359681
41	4	0.72197303203092
41	9	0.46177630926628666
41	10	0.7941799547106259
41	17	0.40120927609271484
41	18	0.9052145807775664
41	32	0.48856499506494133
41	34	0.35102041568366615
41	36	0.4245816635009267
41	38	0.8564150218533928
41	39	0.1701918965842921
41	40	0.2678404361829086
41	41	0.03886150500029251
41	43	0.39714407043279726
41	44	0.430557850482329
41	59	0.7259279622420521
42	0	1.7571899665004334
42	5	0.6223155012210065
42	6	1.0259377978245483
42	7	2.327901251102921
42	8	1.8213551712391707
42	11	2.3363252201582636
42	12	3.3554613749524815
42	14	0.9300480890376878
42	15	0.8476394744929173
42	21	2.3426153402137477
42	22	0.5093640016475979
42	23	2.3931163516442258
42	24	0.7529022580063395
42	26	2.043901334397731
42	27	3.8280733311497634
42	28	0.8807096157233979
42	30	0.6952510513552393
42	33	0.2205217270262476
42	35	0.8709469453739512
42	42	0.3658394044043962
42	46	2.2002363978802832
42	50	3.2515271713481777
42	51	1.0590432711182756
42	53	1.6400852117943556
42	54	0.20679576888461065
43	1	0.5816263451925819
43	4	1.094766777663203
43	9	0.7002164065250136
43	10	1.204258041962466
43	17	0.6083753365704619
43	18	1.3726258540487453
43	25	0.7449482824469228
43	29	0.7616681518180312
43	32	0.7408375404572977
43	34	0.5322712515881721
43	36	0.6438161523821088
43	37	0.4823109423222635
43	38	1.298628442089298
43	39	0.2580711826366321
43	41	0.05892780300205262
43	43	0.6022110452418412
43	44	0.652878168100256
43	47	0.48903421209133185
43	48	0.09560522434454376
43	59	1.100763852361332
44	1	1.0145932885158908
44	4	1.9097192455054228
44	9	1.2214626666090267
44	10	2.1007166149116676
44	16	0.10207109710701966
44	17	1.0612544264627632
44	18	2.394418668741918
44	25	1.299493281054573
44	29	1.328659544565508
44	32	1.2923224723937081
44	34	0.928497899029145
44	36	1.123077647090981
44	37	0.8413467668764475
44	38	2.265337037274998
44	39	0.4501812753612266
44	40	0.7084752657093174
44	43	1.0505013911813157
44	44	1.13888549418053
44	47	0.8530748882742495
44	52	0.7588985811743888
44	59	1.9201805868627082
45	1	1.1404382514279838
45	2	0.06466879376183826
45	4	2.146591054478932
45	9	1.3729666492568595
45	10	2.3612787608323047
45	17	1.192886998302321
45	18	2.6914101154373897
45	25	1.4606757820723348
45	29	1.493459679753891
45	32	1.452615542976447
45	34	1.043664030118183
45	36	1.2623784550554242
45	37	0.9457031172211775
45	38	2.5463178585223663
45	39	0.5060194585453696
45	40	0.7963509145495945
45	43	1.1808002115152179
45	44	1.280147026657171
45	47	0.9588859348199507
45	52	0.8530284802018405
45	59	2.1583499671192325
46	0	1.1025750326905541
46	6	0.6437399612676411
46	7	1.4606763337870174
46	8	1.1428364466874181
46	11	1.4659620787170755
46	12	2.1054342476973233
46	14	0.5835725344009146
46	15	0.5318640210313322
46	21	1.46990890829044
46	22	0.31960803411965827
46	23	1.501596520552282
46	26	1.2824763534690315
46	27	2.4019816631665525
46	28	0.5526143740059145
46	30	0.4362456338188727
46	33	0.13836964415929157
46	35	0.54648864099759
46	46	1.380571118984478
46	49	0.18918793792107994
46	50	2.040219182666587
46	51	0.6645124838718774
46	53	1.0290959090842329
46	56	0.10211234418088883
47	0	0.8225787179838205
47	5	0.2913193774918519
47	7	1.089741042932765
47	8	0.8526158413793501
47	11	1.0936844854734025
47	12	1.5707642137006022
47	14	0.43537567327882576
47	15	0.3967984142485663
47	21	1.0966290270368337
47	23	1.1202696453144925
47	24	0.3524498693737708
47	26	0.9567945250010002
47	27	1.7920041162973768
47	28	0.4122792642963781
47	35	0.40770914665785096
47	46	1.0299783574533952
47	50	1.5221103597716696
47	51	0.495761114537213
47	53	0.7677594435556955
47	57	0.14164227510784833
48	12	0.28446386631618487
48	14	0.07884610958199054
48	15	0.07185980561611713
48	21	0.19859844668253546
48	26	0.1732745548173153
48	46	0.18652807546011002
49	0	0.7260459103777
49	7	0.9618556987850808
49	8	0.7525580606729178
49	11	0.9653363630265007
49	12	1.3864289320786893
49	14	0.38428264693841324
49	19	0.16958117759844835
49	21	0.9679353512003089
49	23	0.9888016510984691
49	26	0.8445109711219321
49	27	1.581705472768268
49	30	0.28726784931943405
49	35	0.35986289467841176
49	46	0.909106396576245
49	49	0.12458030024968027
49	50	1.3434847968890524
49	53	0.6776598907321055
50	0	0.6368513960601309
50	6	0.371826570417228
50	7	0.8436920252894324
50	8	0.6601065369358393
50	11	0.8467450910111465
50	12	1.2161065688988542
50	14	0.3370736432591407
50	19	0.14874818266369771
50	21	0.8490247942959877
50	23	0.8673276757402748
50	26	0.740763060930008
50	27	1.3873934472882057
50	30	0.25197708335978525
50	42	0.1325897255677786
50	46	0.7974229584539496
50	50	1.178438107363291
50	51	0.38382485591070276
51	1	1.1849914609668166
51	2	0.06719519299080755
51	4	2.230451378283954
51	9	1.4266039862521567
51	10	2.4535262343620894
51	17	1.2394892096232455
51	18	2.7965547461772577
51	25	1.517739629330598
51	29	1.5518042871594724
51	32	1.509364502935093
51	34	1.084436585899941
51	36	1.31169547134716
51	37	0.9826486590690809
51	38	2.645794207163924
51	39	0.5257879913344701
51	40	0.827461752087658
51	43	1.22693023142753
51	44	1.3301582031919423
51	47	0.9963464864319119
51	52	0.8863535257038105
51	59	2.2426696733574167
52	3	0.01474068248413466
52	10	0.34336436385830166
52	25	0.21240355820492368
52	34	0.15176396862901836
52	36	0.1835682352962624
52	37	0.13751902343330474
52	39	0.07358260801960964
52	40	0.11580103531948786
52	59	0.31385555815623317
53	1	0.13682537755021554
53	17	0.14311797566688791
53	18	0.32290499264303607
53	29	0.17917952531185682
53	47	0.11504343167641998
54	4	0.38260792660858467
54	10	0.4208738170886676
54	18	0.479716358536133
54	20	0.013527942148049903
54	29	0.2661939312343134
54	38	0.4538551459547302
54	43	0.2104655750447458
54	47	0.17091162222543238
54	52	0.15204361234390934
54	59	0.3847038326616214
55	1	0.6177958073688222
55	4	1.1628467844988335
55	9	0.7437606012478362
55	10	1.279146956570989
55	17	0.6462082320486694
55	18	1.45798501860603
55	25	0.7912742079279936
55	29	0.8090338319247453
55	32	0.7869078321828845
55	34	0.5653714800440273
55	36	0.683852997625642
55	37	0.5123043006522335
55	38	1.3793859468092506
55	39	0.2741197952146311
55	40	0.43139754001326946
55	43	0.6396606033697091
55	44	0.6934785508064011
55	47	0.5194456688338358
55	52	0.46210079149399197
55	59	1.1692167978856152
56	0	1.3237974129704142
56	6	0.7729009546608778
56	7	1.7537487196094101
56	8	1.3721369400876928
56	11	1.7600950046753412
56	12	2.527871870524449
56	14	0.7006614410951708
56	15	0.6385780506703392
56	21	1.764833732311777
56	23	1.8028791966944349
56	24	0.5672067792154274
56	26	1.5397944163266006
56	27	2.8839190235814742
56	28	0.6634917869436369
56	30	0.5237746405882403
56	31	0.4136200213035377
56	33	0.1661323461358624
56	35	0.6561369772766893
56	45	0.2848745083931331
56	46	1.6575710691303585
56	50	2.4495719527730784
56	51	0.7978413087130226
56	53	1.23557532299617
56	57	0.22794861240100964
57	0	1.1783367110023495
57	6	0.68797352217369
57	7	1.561044369736443
57	8	1.2213646236094395
57	11	1.5666933161676744
57	12	2.2501057915390468
57	14	0.623671786888967
57	15	0.5684102058008751
57	19	0.27522188914377277
57	21	1.5709113458168822
57	23	1.6047763216281166
57	24	0.5048813089755447
57	26	1.370599663042716
57	27	2.567029987933697
57	30	0.46622155418200556
57	31	0.3681708777583364
57	35	0.5840397331162609
57	42	0.24532464261645234
57	46	1.4754348533353467
57	49	0.2021876842134227
57	50	2.1804095777143964
57	51	0.7101733954149404
57	53	1.0998085870466277
57	57	0.20290130165117495
58	1	0.5438016467194302
58	3	0.0483368533681378
58	4	1.0235712006302824
58	9	0.6546794829284855
58	10	1.1259419586254635
58	17	0.5688110804901075
58	18	1.2833603668936626
58	25	0.6965023267323183
58	29	0.7121348588074119
58	32	0.692658917159018
58	34	0.4976562452982087
58	36	0.6019470863790296
58	38	1.214175202209969
58	39	0.24128813154459777
58	43	0.5630476693188816
58	44	0.6104197752640114
58	47	0.4572310247558523
58	52	0.40675441362256576
58	59	1.0291782697104528
59	7	0.423910777415413
59	8	0.3316687450654426
59	11	0.4254447820341578
59	12	0.6110294581308292
59	23	0.43578644609190476
59	27	0.6970920871502039
59	50	0.5921030414586967
60	9	0.18250395425807833
60	10	0.31387704223607005
60	25	0.19416284165496844
60	29	0.19852069766415464
60	38	0.33847368268546607
60	44	0.17016574621321823
61	0	0.6500601986450893
61	6	0.3795385481169983
61	7	0.8611908664217515
61	8	0.6737976695695548
61	11	0.8643072551457335
61	12	1.24132958276085
61	14	0.3440648177119989
61	21	0.8666342412831021
61	23	0.8853167389914488
61	26	0.7561270737822781
61	27	1.4161690867329286
61	42	0.13533974153799286
61	45	0.13988966718059373
61	46	0.813962142477246
61	50	1.202879847485164
61	51	0.3917856875588537
61	53	0.6067381096519875
61	54	0.0765026554686174
62	4	0.6600214938536481
62	10	0.7260324372812319
62	17	0.3667820458746906
62	18	0.8275393309113596
62	29	0.45920040837989456
62	32	0.44664188768972274
62	36	0.3881488800467369
62	37	0.29077936520232495
62	38	0.7829271967296596
62	43	0.3630656700636254
62	47	0.2948327422750504
62	52	0.26228429985663654
62	59	0.6636370568043796
63	1	1.592410837533371
63	4	2.9973169127081785
63	9	1.9170936866690704
63	10	3.2970885398473277
63	16	0.16020125805276653
63	17	1.66564580034978
63	18	3.7580558444992502
63	25	2.0395632491123963
63	29	2.0853398914683736
63	32	2.028308617769287
63	34	1.4572835576349457
63	36	1.7626777516290917
63	37	1.3204992826805337
63	38	3.5554613751675195
63	39	0.7065624717352782
63	40	1.1119565879349713
63	41	0.16133600705695286
63	43	1.6487688407716194
63	44	1.7874882715767348
63	47	1.3389066463297508
63	52	1.1910963131034629
63	59	3.013736056754405
64	1	1.6473264407518933
64	4	3.100681862518123
64	9	1.98320624615964
64	10	3.4107913618596766
64	17	1.7230869717602262
64	18	3.887655504816335
64	25	2.10989927263559
64	29	2.1572545603191715
64	32	2.098256516033194
64	34	1.507539184977899
64	36	1.8234651500372312
64	37	1.3660377913045734
64	38	3.678074397846969
64	39	0.7309288622623709
64	40	1.1503033294541674
64	43	1.705627996289003
64	44	1.8491312812611707
64	47	1.3850799480955058
64	52	1.2321722534222022
64	59	3.117667234310593
65	38	0.08642747420707352
66	1	0.4567902839024924
66	4	0.8597939747901387
66	9	0.5499270343812194
66	10	0.945784828054433
66	18	1.0780153938096135
66	25	0.585057984811421
66	29	0.5981892226584831
66	32	0.5818295426749682
66	34	0.4180284097096589
66	37	0.3787912189564196
66	38	1.0199002497890763
66	40	0.31896979945002285
66	43	0.47295683319529547
66	47	0.3840714548534866
66	59	0.8645038808605655
67	5	0.15993487429824205
67	7	0.5982698377967037
67	8	0.4680876658110745
67	11	0.6004347950078212
67	12	0.8623524436763885
67	14	0.23902204576250363
67	19	0.1054787155114284
67	23	0.6150300966797887
67	24	0.19349562682730395
67	26	0.5252819548179942
67	27	0.9838135573043694
67	33	0.056674009602484296
67	46	0.5654600134995346
67	50	0.8356413883417104
68	0	1.2893832127118228
68	5	0.45663996242976035
68	6	0.7528081761336317
68	7	1.708157257465319
68	8	1.3364660776311545
68	11	1.7143385608482393
68	12	2.4621558569351154
68	14	0.6824466425836546
68	15	0.621977207745893
68	19	0.30115881167017916
68	21	1.718954097790802
68	23	1.7560105103613264
68	24	0.5524613449845579
68	26	1.4997650335212507
68	27	2.8089470030633223
68	28	0.6462432721768843
68	30	0.5101582932567182
68	31	0.40286731692095185
68	35	0.6390796623795408
68	42	0.268444047359864
68	45	0.2774687465413926
68	46	1.614479896601247
68	50	2.3858914689584103
68	51	0.7771001663723552
68	53	1.2034545950180482
69	32	0.08676775730610214
69	59	0.12892274699532913
70	0	0.6666029547539847
70	7	0.8831064836155391
70	8	0.6909444977212608
70	11	0.8863021783156582
70	12	1.2729189841442456
70	21	0.888688381682784
70	23	0.9078463122875584
70	24	0.2856190163818859
70	26	0.7753690236739714
70	27	1.4522078103151588
70	28	0.3341036787790688
70	31	0.20827985131627272
70	33	0.08365654119680067
70	46	0.8346758813478004
70	50	1.2334907785754345
70	53	0.6221784036291689
70	57	0.11478434469638883
71	0	0.4744691517511822
71	5	0.1680350523364259
71	6	0.2770194719770324
71	7	0.6285702473996264
71	11	0.630844852609231
71	12	0.9060277731258984
71	21	0.6325432847560309
71	23	0.6461793585515785
71	24	0.2032955471623048
71	27	1.0336404947094278
71	28	0.23780556017150878
71	35	0.23516948438696877
71	50	0.8779638902434572
72	0	1.970995434998569
72	5	0.6980355200173788
72	6	1.1507684169924213
72	7	2.611147813568046
72	8	2.042967918359416
72	11	2.6205967660826777
72	12	3.763735952531534
72	14	1.043211361759146
72	15	0.9507757081480661
72	21	2.627652234274113
72	22	0.571340686630179
72	23	2.684297938432393
72	24	0.8445113743086262
72	26	2.2925923073123906
72	27	4.293852801562812
72	28	0.9878696471317082
72	30	0.779845477451851
72	31	0.615836808431279
72	33	0.24735363026933568
72	35	0.9769191073158695
72	42	0.4103527847132642
72	45	0.4241482496407293
72	46	2.467949384423408
72	49	0.3381979012251905
72	50	3.647155591415385
72	51	1.1879019870556256
72	53	1.8396420006274483
72	54	0.23195757101910713
73	0	1.6987541895276426
73	5	0.6016202488411596
73	6	0.9918199884330976
73	7	2.250486332444439
73	8	1.7607855648768382
73	11	2.2586301603731376
73	12	3.243874696058542
73	14	0.8991191150843397
73	15	0.8194510189308536
73	19	0.396774820700434
73	21	2.2647111009661267
73	22	0.49242497868155705
73	23	2.3135326890575736
73	24	0.7278643114724248
73	26	1.9759309015997775
73	27	3.700769827442613
73	28	0.8514214046230917
73	30	0.6721303096303104
73	31	0.5307751300746807
73	35	0.841983394235331
73	46	2.1270670047667943
73	50	3.143396849511501
73	51	1.0238245312122807
73	53	1.58554378173847
74	17	0.13591105713407547
74	25	0.16642145480177392
74	29	0.17015667381012667
74	38	0.29011360878580267
75	1	0.9957817315557668
75	3	0.08851197092772917
75	4	1.8743111733534579
75	9	1.1988155480171114
75	10	2.061767263771868
75	17	1.0415777261350978
75	18	2.3500237928017182
75	25	1.2753993981632181
75	29	1.3040248904769058
75	32	1.2683615433441546
75	34	0.9112826352257628
75	36	1.1022546834778493
75	37	0.8257473707366765
75	38	2.2233354616752696
75	40	0.6953394378198734
75	43	1.0310240626984877
75	44	1.1177694375425304
75	47	0.83725804123449
75	52	0.7448278554478253
75	59	1.884578551158008
76	1	0.6309132373781589
76	4	1.1875370804272085
76	9	0.7595525951626576
76	10	1.306306611062556
76	17	0.6599289325685664
76	18	1.488941875561209
76	25	0.8080750406900267
76	29	0.8262117482182476
76	32	0.8036159553027545
76	34	0.577375803689955
76	36	0.6983729955376288
76	37	0.5231818684944445
76	38	1.4086739387271545
76	39	0.27994007949790556
76	40	0.4405572445140573
76	41	0.06392133243430938
76	43	0.6532422805101998
76	44	0.7082029245309843
76	47	0.5304748667068364
76	59	1.1940423459535532
77	6	0.04352461875117755
77	7	0.09875941276312288
77	46	0.09334332995944535
78	0	1.9230272896787153
78	5	0.6810474191481154
78	6	1.1227621488521653
78	7	2.547600270256287
78	8	1.9932481776377766
78	11	2.556819263472539
78	12	3.6721378544787493
78	14	1.017822711277456
78	15	0.9276366655479668
78	19	0.4491578668462192
78	21	2.563703022629292
78	22	0.5574359598120566
78	23	2.618970139440001
78	24	0.8239584883872365
78	26	2.2367974541110085
78	27	4.18935324184284
78	28	0.9638278487849146
78	30	0.760866366427442
78	31	0.6008491788327518
78	35	0.9531438124200172
78	46	2.407886863419065
78	50	3.5583947113511156
78	51	1.1589919986665005
78	53	1.7948706058004136
78	56	0.17809656363588816
80	0	1.3120464562121497
80	5	0.46466623620042624
80	6	0.7660401422679439
80	7	1.7381812127030853
80	8	1.3599568876934158
80	11	1.7444711636799368
80	12	2.5054327021517655
80	14	0.6944418774249126
80	15	0.63290958283177
80	21	1.749167827037504
80	23	1.786875573123972
80	24	0.5621718529719932
80	26	1.5261261182731465
80	27	2.8583193302987984
80	28	0.6576021672620697
80	30	0.5191252485496071
80	42	0.2731624373245778
80	46	1.6428573026837274
80	50	2.4278278295324194
80	51	0.7907591081989676
80	53	1.2246074875480497
80	57	0.22592518021932842
81	7	0.4486662151888307
81	11	0.4502898022336582
81	12	0.6467122067995658
81	14	0.17925208633933384
81	23	0.46123539625661164
81	24	0.1451100240385128
81	26	0.3939297147974628
81	27	0.7378007001536376
81	35	0.16786127393765793
81	46	0.4240608301962755
81	49	0.05811159810220294
81	50	0.6266805298812622
82	1	1.5629140274602626
82	3	0.1389226138392514
82	4	2.9417965120557836
82	9	1.8815826570809868
82	10	3.236015359382955
82	17	1.6347924321963132
82	18	3.688443997558397
82	25	2.0017836708947874
82	29	2.046712375712579
82	32	1.9907375132164797
82	34	1.430289759734898
82	36	1.7300270250487362
82	37	1.296039190080789
82	38	3.489602259897971
82	39	0.6934745558894877
82	40	1.0913594081678046
82	43	1.6182280907312392
82	44	1.7543779706343736
82	47	1.314105587380927
82	52	1.1690331991768999
82	59	2.9579115182739577
83	1	0.604691809713826
83	4	1.138181771633028
83	9	0.7279847784624093
83	10	1.2520151137851168
83	17	0.632501581636991
83	18	1.4270598617225563
83	25	0.7744905793544878
83	29	0.791873505956354
83	32	0.7702168183161188
83	34	0.5533794489225279
83	36	0.6693478683088632
83	37	0.5014378715274019
83	38	1.3501279460317668
83	39	0.26830547094950036
83	40	0.42224721512391616
83	43	0.6260928339763727
83	44	0.6787692549595095
83	48	0.09939662569421008
83	52	0.45229922337733725
83	59	1.1444166713795307
84	1	2.4848849662636794
84	3	0.2208737707499956
84	4	4.677177245950724
84	9	2.9915378422706542
84	10	5.144957288658994
84	16	0.2499868051190059
84	17	2.59916480775814
84	18	5.86427588300048
84	25	3.1826460458619485
84	29	3.254078422303568
84	32	3.165083703552942
84	34	2.2740249680537863
84	36	2.750578771603471
84	37	2.0605793041307834
84	38	5.5481363923459295
84	39	1.1025587256494072
84	40	1.7351578772080312
84	43	2.5728290769633335
84	44	2.7892944639172588
84	47	2.089303161142042
84	48	0.4084546489918061
84	52	1.8586518328319692
84	59	4.702798576349721
85	1	1.3507762941106496
85	4	2.542500048476517
85	9	1.6261913348649275
85	10	2.7967839292705987
85	17	1.412898486035513
85	18	3.1878034405723423
85	25	1.7300772026318139
85	29	1.7689076362491938
85	32	1.7205303640529108
85	34	1.2361534078100391
85	36	1.4952066796687697
85	37	1.1201249610922739
85	38	3.015950926107466
85	39	0.5993477403146842
85	40	0.9432268128677859
85	43	1.3985824588033977
85	44	1.516252418243212
85	47	1.1357391668414327
85	48	0.22203476803475983
85	52	1.0103577706334448
85	59	2.556427729715854
86	4	0.29455253897647254
86	10	0.32401171745458823
86	18	0.36931192891860853
86	38	0.3494025509441806
87	0	0.9458619684968329
87	5	0.3349806089453615
87	6	0.5522428214965531
87	7	1.2530650082299488
87	8	0.9804008789278181
87	11	1.2575994706985183
87	12	1.8061810969980072
87	14	0.5006272133717469
87	15	0.45626822210704565
87	19	0.22092320082050554
87	21	1.2609853227982835
87	22	0.2741809630516702
87	23	1.288169057621129
87	26	1.1001932496899813
87	27	2.0605791323533893
87	28	0.4740692507260666
87	30	0.3742404296469088
87	31	0.29553422882282804
87	35	0.4688141907891471
87	46	1.184345443652926
87	49	0.16229795712063047
87	50	1.7502352901760483
87	51	0.5700628686938329
87	53	0.8828267042861992
88	1	0.6468794791891836
88	4	1.2175895552563183
88	9	0.7787742562153794
88	10	1.339364733789919
88	17	0.6766294617241557
88	18	1.5266218680219188
88	25	0.8285246377768246
88	29	0.8471203229281095
88	32	0.8239527082909803
88	34	0.5919871973830995
88	36	0.7160464115644986
88	37	0.5364218002768858
88	38	1.4443226260681772
88	40	0.4517062315391847
88	43	0.669773593524258
88	44	0.7261251022163436
88	47	0.5438993591643245
88	52	0.48385488501071455
88	59	1.22425944665558
89	0	1.1899939769366927
89	6	0.6947796330491999
89	7	1.5764877563197628
89	8	1.2334475639840146
89	11	1.5821925876862448
89	12	2.272366051571227
89	14	0.6298417617421881
89	15	0.5740334787303751
89	19	0.2779446548208025
89	21	1.5864523462342306
89	22	0.3449485289494245
89	23	1.6206523477008703
89	24	0.5098760915610765
89	26	1.3841589832373817
89	27	2.5924255738908903
89	28	0.596429047582326
89	30	0.47083387644157376
89	31	0.371813186269338
89	45	0.2560806856465779
89	46	1.4900313063640387
89	50	2.2019803342357513
89	51	0.717199129275685
89	53	1.1106889755267344
89	57	0.20490860093132734
90 60 7
-0.6115755989071375 0.450205724761612 0.12025999314757271 -0.45850426298374536 -0.6609265022980706 -0.44845532551089773 0.785361217742759 
-0.465818805532099 -0.020507890644060035 -0.33437648106651535 0.20333050737643274 0.597204571275423 -0.12822470780775574 -0.3036983359591019 
-0.8077191536253037 -1.0268428659115842 1.421785227816651 0.08391212003150059 0.8911777760339301 -1.4030076715504178 0.403644988112352 
-1.0433825229266833 0.47126282711921913 1.6642905972282411 -0.1799475378120207 0.6330659732748178 0.6193864921255976 -0.05832267965627066 
1.5109431348605822 0.4994954442408194 -0.0577716703580969 1.6862962802587027 0.8065136814361853 -0.5015784838912147 -0.6125164156646291 
0.043838326804997475 0.7812712599762924 -0.028537840816231976 -0.8221719377701244 0.598680346634293 0.17738917353649697 0.2701244428607903 
0.5188563064039018 1.3952139092680031 -0.6316967057265791 -0.9713033791622933 -2.6005775494007177 0.15491948298401065 -0.18180349122347825 
1.7498824721520068 0.14402165943297265 0.45866305682611475 -1.0330457421794628 0.13393757168780532 0.8908474319781905 -0.5733219354310547 
2.1530621616192027 0.11202257930340702 -0.034259334549653915 -0.14957346783506995 0.5973105402925563 0.6301465587564516 0.6909449940712379 
-1.0364883388564303 -0.6192953947605566 0.952439889511994 -1.0592708712327856 1.5284328463518742 1.3161486621309502 1.023764968646466 
0.5106922439804609 0.541595695229201 0.65285631381699 0.019600063041825645 -0.6691061321863384 -1.187948965098669 0.507083552325505 
1.188921065600748 -0.4310387405037324 2.0943653237625686 0.29124728161313634 -0.6419977928461962 0.11325686457183969 -0.5532997711206674 
-0.42794612726025444 -1.5695314799214797 0.1345354538971003 -0.47711764283300334 0.5613384319805507 1.5488807176543007 -0.7818156063559979 
0.21366603916502763 -0.3223672376279976 1.0478514723262404 -1.193823445274723 0.34265619681865117 -1.861542950203166 0.3769010803529746 
-0.44806237443322716 0.3491299631121131 0.6712686682531761 0.920926962903336 1.3885400180465086 0.48700140068284026 -0.02113522126780045 
-0.8679759691217416 -0.40997550026632346 -0.6087989840678187 1.2621067373270607 0.8980984803622147 -0.33090592518931744 -0.3166564646915319 
0.7941007529581975 -0.9585838137098504 -0.4524541558265227 -1.2900251048977596 1.4015425460492632 -1.159195237544572 3.098725966682861 
1.0269389154108655 0.8499510573358111 -0.5559800414265845 -1.4653301942311232 -0.5307236883564325 -2.4830038357546664 0.16878714206797865 
-1.0363917141210732 -0.7683597869446273 0.15268352651749106 -0.3737812543467731 0.28125930890616463 -0.6694373781590969 -1.0759755768016104 
-1.7515423532259153 -1.67038566294864 1.6563789638507682 1.4349490122672468 -1.6450845122555713 -0.5965613757428786 -2.2227938520657684 
-0.3549520347012974 1.9251096824652882 1.1246782322413917 0.5251878266506921 1.5569413245074109 -1.7145466593856138 1.5703537827690934 
-0.16127536601834672 0.5038252616691249 -2.9626722035444994 -0.13718957882425087 -1.2319701852034666 -0.9457295274130632 -0.9001372678727121 
0.13119596881854753 -0.7201704093430884 -0.727253840950803 0.26533554560922934 -0.33698013442875757 -0.6845449985698792 1.1857265744092569 
-0.12872821473884202 -0.7500776525245818 0.04431431241004172 0.4877672616785126 -1.7221228211723698 1.450214678123313 -0.24374325824113757 
-0.9442785795277965 0.6080627587625212 2.0305156421822477 0.7549094967104364 0.5523622814561652 0.1020349148299501 -1.2690553959850017 
-1.9415365858378186 -0.4779380848724713 -0.5689387941743159 -0.336372548088825 0.7147791651441993 0.2675138988207687 0.7348215366877195 
-0.4593847507893462 0.39106812596201157 0.1809277417300763 0.11912876492707168 0.16275578193856235 0.12620120200918558 -0.24116137938830423 
-1.2205500981617206 0.6782041517404722 -0.2993051370180819 -0.39802583389783114 -0.21846072570596742 -1.0809760672440638 -0.5864525012633514 
0.2394720361357662 -0.0031402131305914406 -1.008853147987869 -0.4219942412392992 0.08438195283974398 0.36668416475699933 -1.2754680291570648 
-1.3687708464449626 -0.12858073254235775 -0.0034658408718572682 0.9354774901054259 1.2329965907450073 -0.270988052931487 0.49947652024447187 
-1.8708538257913616 -2.0689907808748558 -1.3407209635100592 -1.4819918801513283 -1.6379645339910074 0.2804260434750008 -0.4535843865686064 
-0.048837809782986775 -0.5396952180904431 0.6533991908273858 -1.5850476746110347 -1.2816170140383127 0.2074187839520362 0.7606957610907105 
-0.15923952990401682 -2.012101014226815 -1.6121216273382946 -1.748672992738931 -0.6091518446912735 -0.5870978965906812 1.5076565585972732 
0.9890758907346838 1.59159522929893 0.6047333524712694 -1.2419703514817866 0.5810641538485238 0.7817814458746193 1.301201503209099 
1.870484402983932 -1.3564215996408657 0.15073194874027315 0.9956814660384045 0.18619844541326944 0.25004726021971146 -0.7135707539192383 
1.0876381810706797 -0.14321107910199693 0.5455645668293796 -1.0559455014069952 0.13099851567483567 0.13798866580894026 -0.012749408352205003 
1.0297182383709296 -1.2849496902717688 -1.824468511824559 -1.5191074878088557 1.1511096709027357 -0.5196428149987958 0.5999022238767326 
0.7185706552507005 -0.7467790045450582 0.9493536558259424 -0.5041802790711523 -1.144787109001554 0.028112141846447485 0.4367180153303266 
-1.0863903620505 -0.3091378627046992 -0.07070778984132221 -0.3384592483863929 1.6111754875711821 0.3266506003071676 0.7906119652374173 
-1.5824716964366483 -0.05236483788716287 0.8965824953603955 1.8203891140450044 -0.8970588182856656 0.6530371735783115 0.5370849241122508 
2.0331557278700494 -0.9571600198295427 -1.0454906798776618 -0.6689257494910495 0.11085486027107636 0.6006195031385504 -1.5985749728571896 
0.46614173670672643 -1.104094329685698 0.5127037241043026 0.4906500666987133 0.769835188501429 0.6410003510658491 -0.966296956131205 
-1.2941915213655089 0.2358667666201425 -2.143061302864961 -0.7966770216040078 -0.4918808916986011 -2.448314150995138 -1.0632231268808694 
0.7068359403857855 -0.8745357152945249 1.3321048576719952 0.7578357016496746 0.6988613426927994 -0.7939056713648956 -0.2712846555852036 
1.2330098303229038 0.44752363468365913 -0.24637224310983744 -0.9198328486832451 -0.9903535492540786 0.7940196728227819 0.2750832804611759 
1.3859460641060053 -0.7501232619608972 -1.0339079712756207 0.9510767051679476 1.6556212519327924 -0.2786873949029552 0.9049222104723504 
-0.8120597580119759 -1.2848841754258318 0.14307752278253444 1.1689365259534321 -0.7663452664362261 2.530852058578326 2.1035507128739686 
-0.6058391083296162 -0.8809075612550195 -0.9625731483333856 1.0676063444874488 0.987137077501482 -1.5058659462204431 -0.39726433086631036 
-0.10971687132785773 0.6516538405640228 0.8338267738213891 -1.051849655917038 -1.6540118841321902 0.6799403203102423 -0.8258697917540829 
-0.5347415357738954 -0.9349203365143306 -0.6803215339551121 0.04003252423853258 0.21085599867889201 -0.4196276379459829 0.998172894261143 
-0.4690487043881068 1.4846110752106407 0.27919519644015445 0.23434842382792662 -0.25423357910724426 0.4603459396849449 -0.8627892222063985 
1.440090464582154 -0.9130773150115891 1.2499259278784165 -0.06073396861226649 1.3150271376546447 -1.2546812751285896 -0.2951149179817719 
0.20153676750810035 -0.24593224538395655 -0.2438532618072035 0.12557647353557244 0.9896186815179879 -1.1050710333944707 -0.6598044175779892 
0.1662804568753228 0.2767930733162115 0.903024561492778 -1.2393360705727097 -0.06900690362940681 -0.7264063669460492 1.2634208101006494 
0.24703072756801694 0.35585707089167734 -0.991690398785194 -0.35876269221620444 -1.1005698074448778 -0.6174237115127291 -1.842017339618261 
0.7507917825203535 0.053666129745285535 0.5755324533669532 -1.9194892340633665 -0.40582718486349423 -0.2678456217750653 -0.4695238424948205 
-0.974992698873621 1.345735405086985 -0.966066534043566 -1.0204221129479607 0.2380904784143541 0.7919679234148008 -0.25329213025985375 
-0.8678591442962149 0.35215425366659353 1.5541410295872171 -0.41385746932917866 0.2708101639947838 -2.462789743729844 -0.6046668233501571 
0.6608685310067854 0.1823069108943362 -0.16738562871341592 -0.6710419793786333 0.4344793153715785 1.1511317601149669 -0.8756691035436126 
-0.23567225357457114 0.1742729878157876 -0.9377122131770215 -1.7162397656572648 0.43295775621164184 -1.0641978388098063 0.9004056130016884 
0.1842292653100309 0.823079572903379 -0.23127393625949655 1.3493907404092975 -0.20399718453316007 -0.9456873932435127 0.5052975420754728 
-0.47877714618366823 -1.168770953304298 0.5469185598755306 -1.063570017826101 -0.14400262703824587 0.8284054520847375 -0.01139716635791516 
0.4261427390760644 0.6194999557901232 -1.4801823582308329 -0.1313475532550394 -0.8548476664762787 -0.4866933689707757 -0.14732650390220986 
1.9352170360435248 -0.3237536844117213 -0.6983587064866144 -0.008157794947466374 -0.9128370655279215 -1.7267837356491438 -1.1237170335565443 
2.001954594208921 -0.5857045082369398 1.4096783256999708 -1.8709104837042536 0.15264144745967956 -1.9223989120124292 0.8736398328450019 
0.047041973690365446 0.5314211058232858 -0.6396745710568711 1.810049316037933 0.912867924718755 0.12348928559180894 1.4648770514218903 
0.5551257994931452 1.2307641562779041 -0.7084194764966334 -1.8265710504507633 -1.9590918040318337 -1.0678838699031588 1.4784260009423944 
-0.33260678527423504 1.4164517354589894 -1.406499185642944 -0.5079138934026198 0.5627833505520636 1.5548025528341007 -0.9026325755158436 
-0.9496462269278784 -1.2602576810467923 -0.9524834445276281 0.28082071540432246 -0.1279098652334349 -0.6955921216279436 0.03756097452791055 
0.08278545022538507 -0.14128481364563614 1.491287264246543 -1.5660037304978278 0.8038720499558295 -0.5818738410349036 1.8439921290326264 
-0.49096108480402606 0.017663472873762357 -0.06927053267452579 0.6710244332240969 1.3985822284010327 1.0793295444486597 0.9785338378023328 
-0.34945223057971153 0.3436933326861536 0.29726420081248034 0.07577426443875304 0.38283198637644467 2.6600242502371665 -1.1646823688345884 
-1.4516618175924703 -2.5479059952376106 -0.07789246114525725 -1.6466338237293678 0.6417467450973672 -0.1129550391417795 -0.7278274654887343 
-1.2511528695723801 0.678198350289668 -0.25478727858910083 -0.7245424892374149 0.30809435314977895 -1.0467539436107027 -2.1214722964673793 
0.15790715715028664 -0.586190268912301 1.1719780167492955 -0.22480695576029977 0.533512000503786 0.08183255468093734 0.10041686007405752 
1.2101486159643497 1.2237269816264498 0.6065702086808562 -1.0184590760078875 -1.4872727077239145 -0.9015357389262139 -0.060158172100307744 
0.7667330669080547 -0.19197433431867564 0.4832765546017477 -0.3593940461427748 -0.7553679316648293 -0.6052627445119756 -1.1964072717533731 
-0.05490507580272758 0.4645670179491407 -0.6966522622839231 -0.4122081100268697 1.4996178066950894 0.36373130603687537 1.5049121553202156 
-1.4163327022707957 -0.8399126875196918 0.18566855927622175 0.7200877038497191 0.7366652621551308 -0.40110770814418073 -1.428421037115771 
-0.03643148218213891 0.006451140663508595 -0.7461498861185173 -0.17227490768050605 0.4974328940547498 -0.9683410594904328 0.7740811465633542 
-0.9663379780441103 0.6568621063229524 0.6811682920362748 -0.3031300009138659 0.4676590116848654 0.5432926851833008 1.6110574776784488 
-0.2494349841280555 -0.3647292960051984 0.3788011397303428 0.6067497360291846 0.09821111012691346 -1.1618659343502922 -1.0844779623519665 
1.899370301006956 -1.0270137887298576 0.6443692662826707 0.6311791865208539 -0.23548858016814286 0.6565534777628275 0.08096755359524818 
0.7348668221366976 -0.023633873992983348 -0.2993477860546265 0.5026962171406049 1.4865662938984763 0.3518346653590506 -0.7534496926544167 
3.0198185078736866 0.08459221367872559 0.9473673719188499 0.17737434109977246 0.7770531286078981 -0.6061593766901744 0.9894101227295083 
1.6415646230440122 -0.7738264748612195 0.6200769267505646 -0.48987267773384097 0.12841626546810922 0.030510152028373698 0.7713016475800732 
0.1901777850117653 0.12461723522938944 0.24541203526926425 -1.5098253124539225 -0.4496656925985612 -0.23157794987887556 0.1336071927722327 
-0.6966387034684843 -0.38115822870130434 -1.3629514285294178 0.7570997923769485 -0.12619592959722156 -0.1838992661744454 -0.33062116839997696 
0.7861364409783709 0.21858478036489407 -0.14004442423074884 1.0876030907049106 0.07669754936571907 1.0275728743258459 0.42758422557957854 
-0.8764448607082977 -0.18417802500028543 -0.8146692515062368 0.38693986393522595 -0.273058905945714 1.364991389718236 2.1502819975669416 
-1.3577511036746803 -1.2807463029160084 0.18385998873639905 -0.5717428256183912 -2.0366350195720337 1.3999481968124905 0.23210981136524403 
0.8228590426162186 -0.7991309623667443 0.6386185864731917 0.5175582682036047 0.9713513918285241 1.0878270769060074 0.5978727929692099 
0.046660397137137086 -0.6074480713078183 0.8879220760022505 0.18154764526935405 1.0567364285086107 -1.2246368882661247 -1.2900911352937787 
0.0731414057414719 1.8812762600402622 0.6669190411488988 1.6909809920480794 -0.8391724241171472 0.14316009427828472 0.8513655539744305 
1.5488272668558536 -0.0834409283339659 0.6253462744672152 -0.22160434540594223 -0.7223105666975365 0.35943348473678777 0.3877706172520585 
-0.48085271070575236 0.8242313614753313 -0.20418789119144412 -0.951023563801248 -0.8043352736462334 0.4763339388816118 1.1810185567271927 
-0.7927248640464554 -0.7104448329827356 1.0862553855117543 1.635236509846582 0.3658701773619761 -0.9179147012104917 -1.5872945266112186 
-1.7987301049899778 -0.666567932661924 0.9566530383149493 0.3733452244788485 0.5961495281483049 0.9162591645969467 1.331772045512917 
-1.407330477113193 0.6833061562907858 -0.5708649430179378 -1.5070292270110628 1.303425645804995 0.3087843322651292 0.29439687867718817 
0.990634978383868 3.437615773519679 0.5528801770097497 1.4383664486674632 -1.8506571157362548 0.15221525267180844 0.4052699037611585 
1.7037306299184383 -0.1267713772611119 -0.5129329990452139 0.14578755839904625 1.393609019675662 1.214633578243037 2.364794092258031 
-1.8052391640560228 0.019234200222054756 1.7645801245015291 1.109823298879237 -0.8964541610600338 -0.48941801974137983 -0.21823488835625177 
-2.5927085130430427 -0.6729456598256613 -0.435894902660989 2.128406952160377 -0.08447142401903548 -1.9963980365791831 -0.9149989930313023 
0.055695031408256754 0.9679263955065032 -2.3622396888794635 -4.554977643444523 0.2929811012489098 0.5918322166468368 -0.019817270716531415 
-0.7186325004326939 0.8443551612531754 0.763734411504076 0.12106362537048115 -0.732773616874487 -2.1230146651525463 0.9782528748875203 
-0.6549567513767731 1.6029753194958438 0.44781462290730145 -0.23973543088799842 -1.5935962532892423 1.2517644678691833 -2.9806785653003196 
0.08278206271906934 1.1250122690312883 -1.0678052120562782 -1.6683012103229165 -0.7510716555931233 0.4646017626691726 -0.9160339900690062 
0.8607023239910742 1.2011214943592834 -0.987417447662806 0.7562385464006344 -0.5251399542057869 0.030036323216959156 -0.14366308761683447 
1.9419299099301275 1.0239583724622225 0.5234357252427493 -1.2897571702676172 0.4989359383305869 0.09829708627677494 -0.05338787694514263 
-0.31712737136273683 -0.5261213262438192 0.24056104425575248 1.923633671971153 -1.178705464814386 1.456764644730851 -0.8773038386967447 
0.05476218396484764 -1.0870572372147411 0.884282768501618 -1.9785441502643777 0.09475337387636074 0.6131476830971533 -0.31449068072191666 
-1.8100994339246181 0.08004598934241297 -0.7468430703356367 2.0318343077067165 -0.12823324659931212 -0.4216964533414006 0.7380159687514392 
-0.3935769885976111 -0.382221262854738 -1.2200634162363801 -0.3639853522020402 0.3936960481379264 1.7130690883859032 -0.01169484364095737 
-1.849120715239453 2.645684952279161 -0.7492269839289782 -0.7635354545710317 -1.172268212561063 -1.2640846470275413 -0.20352246924806416 
-0.5817548991604797 1.1649218591268233 1.40750860233211 0.674893629850644 -0.4745043257048841 -1.0151304565988288 0.42816393418396115 
1.0539196437016713 -0.0653520418706995 1.4431587191534392 0.17695931965973644 -0.6498654204550399 -0.4326421256446488 0.414496260733944 
-1.5792881506758742 1.2414587904934267 -2.695443568135531 -0.5705403871160041 1.8620754946415567 -0.0033747664880961286 -0.563380253057252 
-2.957887814865872 -0.576856829601636 -0.39245178003993586 1.3316888914578071 0.6328213865674057 0.16550149366034547 0.2510749430540635 
-0.6805094927481492 2.195923452036761 0.6120822248565999 -0.6566618749451706 3.2549871786944675 0.7238428923582512 -1.598889100172914 
1.0775741700433608 0.2679425200066151 0.8442831135275631 0.7450960108656213 1.5118852699579628 0.07026826985897185 2.3850132509113386 
-0.5372087823768742 1.2778813842566374 1.2797668698627704 0.5607388298293359 1.2290622564575933 0.6260406104866 0.26604885999961103 
-0.42422883964298413 -0.09097238518042357 -1.9351843928788903 0.31325794089995673 0.6045144759420831 1.7574104443408713 0.31726130295856775 
1.048103949062005 1.2625739287812696 -0.10208058764151316 -0.9690010855096908 -0.3325447843354875 -0.3515761115461258 0.24947337370272227 
-0.17039342584594733 -1.036082978044849 -1.9553657423375477 -1.2763633496638815 0.52329555359329 -0.11297531856518145 0.6144494790263572 
0.7530336548784754 1.2237300598171919 1.14375780913643 0.4306981736107819 0.10060300968802036 -1.392114350140975 0.04648256901456844 
-0.6729660417300602 0.7498931338148186 -0.1375230456308059 1.182547231036463 -1.2360730565730684 1.0455688435086128 1.1754192381953055 
0.9108424113673663 0.09795052186536685 1.3947012306128104 -0.8301225613401275 -0.6486847581419484 0.8257590461835189 0.020065357046645405 
0.6823520349842738 1.0675121431882317 -0.3684694925277718 0.2684517736558085 -0.08169768700745451 1.2985312009672323 -1.2736979499566874 
1.8372416679611918 1.3597758460103881 -0.5380821496057255 -0.18642052816250554 2.0478905446639297 0.5298081113109406 0.3190201627553338 
0.3651076125186544 0.7060012604235318 0.2845085882164239 -0.025459215002994987 0.6078589460942555 -0.09035223033269577 1.2303105396275549 
0.5745901194670768 -0.24072187295471995 -1.0112235631067383 -0.7749959942644712 0.2850715137836582 0.2489489597346094 0.295537908396165 
0.08336843054399624 0.4668634093694304 -0.6020859685643816 -0.9491249494167315 -0.28645999609585676 0.1280293631340211 0.11673757054856254 
-0.28267794863807866 -1.1543081951848735 -1.0613135389789718 -0.06789082349241246 -0.2626668338191269 -0.23498550568323145 -0.9277423662839593 
0.8519813592290726 -0.15549516839352384 -0.298690539185328 -0.40399043346500657 0.5030943347361267 0.3030169690646145 -3.0596801834169822 
0.9236629475064897 0.6240602861314117 1.981704452197027 -0.4377201561568799 -1.3496580180828075 -0.05611401725426822 1.1177365106251975 
-0.29218117091773077 -0.6085602468699556 -0.018514414545201856 0.8168776766774003 -1.3503259090638184 -1.4602283354969139 -0.5546075552843996 
-1.7000856222259912 -1.5796037792936308 1.106285108260104 0.5822617627536861 -1.3838514058464573 0.6816876526197596 1.1318276025028482 
0.6918638175421878 -0.008184530013279222 -1.9158688585475085 1.065517785046085 -0.5950178418267467 0.3854864796729168 0.4799111206576294 
0.1352580123364457 -0.09881442197900354 -1.1908770436049019 0.5853373196995991 1.031657051713122 0.24883531737411616 -1.4956499529774914 
-0.2329729260125335 -1.2817129747189748 -0.20366295207230714 -0.741020420651999 2.13780832795441 -1.809082134318396 -1.0763632141650847 
-2.5124003037181644 0.8747177029115991 1.7668769860823943 -0.27788878389066657 -1.7405619439636373 -0.7092324402870032 1.0318868555472938 
-0.8183049059082638 -0.6602187581067579 -0.4988622746926081 2.260423628811851 -0.035122485640043326 0.5484949951039279 -2.271828475871264 
0.6154846153786515 -0.18469864202805178 -1.3558390138970249 1.755416039049497 0.23117457440481118 -0.1887652521465335 -1.6163645854621294 
-1.2672662312482872 -0.5259831982533566 1.207721818412128 1.1746828493760775 1.938210910515396 -0.016251158686268398 -0.23924443793258937 
-0.1597876090753703 -1.1205183387421112 -0.35147448104435247 -0.3290227592694895 0.2540403857674434 0.4407053571585674 0.3112781446671293 
-0.10486769250538004 -0.6682392817693801 -0.7812331723019867 -0.11372222700494873 -1.2345571651144116 0.6118977114639168 0.712871063727075 
-0.12574486443075647 1.5115286305365194 -0.006995478802675314 1.52048038754449 0.24121887633071035 -0.7464675409597756 0.30867745567249794 
-0.23379519935313528 -2.218053705191816 -0.4862814945263554 1.1519550221218757 -0.3073474792734065 1.8133141113392839 0.8239790440426218 
5.725691331003655E-4 0.43283039210249347 0.7257915347292726 0.7417572953340364 -0.9578750647576804 -0.38782972400854443 0.5611062061179739 
1.5573116609782798 0.9461677045496436 1.016891917843133 0.4822978861974014 0.5565974028087349 -0.49277346812140754 1.2061914556681959 
